//left
3 0 1 2
3 3 4 5
3 6 7 8
3 9 10 11
3 12 13 14
3 15 16 17
3 0 18 1
3 3 19 4
3 6 20 7
3 9 21 10
3 12 22 13
3 15 23 16
3 24 25 26
3 27 28 29
3 30 31 32
3 33 34 35
3 36 37 38
3 39 40 41
3 42 43 44
3 45 46 47
3 48 49 50
3 51 52 53
3 54 55 56
3 57 58 59
3 60 61 62
3 63 64 65
3 66 67 68
3 69 70 71
3 72 73 74
3 75 76 77
3 78 79 80
3 81 82 83
3 84 85 86
3 87 88 89
3 90 91 92
3 93 94 95
3 96 97 98
3 99 100 101
3 102 103 104
3 105 106 107
3 108 109 110
3 111 112 113
3 114 115 116
3 117 118 119
3 120 121 122
3 123 124 125
3 24 126 25
3 27 127 28
3 128 129 130
3 131 132 133
3 36 134 37
3 135 136 137
3 42 138 43
3 45 139 46
3 48 140 49
3 51 141 52
3 54 142 55
3 57 143 58
3 60 144 61
3 63 145 64
3 66 146 67
3 69 147 70
3 72 148 73
3 75 149 76
3 78 150 79
3 81 151 82
3 84 152 85
3 87 153 88
3 90 154 91
3 93 155 94
3 96 156 97
3 99 157 100
3 102 158 103
3 159 160 161
3 108 162 109
3 111 163 112
3 114 164 165
3 164 166 165
3 166 167 165
3 165 168 169
3 169 170 165
3 170 115 165
3 115 171 172
3 172 173 174
3 174 175 176
3 176 177 174
3 177 116 174
3 116 178 179
3 179 180 181
3 181 182 183
3 183 184 181
3 184 185 181
3 185 186 187
3 187 188 189
3 189 190 191
3 191 192 189
3 192 114 189
3 115 172 116
3 172 174 116
3 116 179 185
3 179 181 185
3 185 187 189
3 114 165 115
3 185 189 116
3 189 114 116
3 117 193 118
3 120 194 121
3 195 196 197
3 197 198 199
3 199 200 201
3 201 202 199
3 202 123 199
3 123 203 204
3 204 205 123
3 205 206 123
3 206 207 124
3 207 208 124
3 208 209 124
3 124 210 211
3 211 212 213
3 213 214 215
3 215 216 125
3 125 217 218
3 218 219 220
3 220 221 195
3 221 222 195
3 222 223 195
3 195 197 199
3 124 211 125
3 211 213 125
3 213 215 125
3 125 218 195
3 218 220 195
3 195 199 123
3 123 206 124
3 195 123 125
3 224 225 226
3 227 228 229
3 230 231 232
3 233 234 235
3 236 237 238
3 239 240 241
3 242 243 244
3 245 246 247
3 248 249 250
3 251 252 253
3 254 255 256
3 257 258 259
3 260 261 262
3 263 264 265
3 266 267 268
3 269 270 271
3 272 273 274
3 275 276 277
3 278 279 280
3 281 282 283
3 284 285 286
3 287 288 289
3 290 291 292
3 293 294 295
3 296 297 298
3 299 300 301
3 302 303 304
3 305 306 307
3 308 309 310
3 311 312 313
3 314 315 316
3 317 318 319
3 320 321 322
3 323 324 325
3 224 326 225
3 227 327 228
3 328 329 330
3 331 332 333
3 236 334 237
3 335 336 337
3 242 338 243
3 245 339 246
3 248 340 249
3 251 341 252
3 254 342 255
3 257 343 258
3 260 344 261
3 263 345 264
3 266 346 267
3 269 347 270
3 272 348 273
3 275 349 276
3 278 350 279
3 281 351 282
3 284 352 285
3 287 353 288
3 354 355 356
3 293 357 294
3 296 358 297
3 299 359 300
3 302 360 303
3 305 361 306
3 308 362 309
3 363 364 365
3 366 367 368
3 368 369 366
3 369 370 366
3 370 371 372
3 372 373 314
3 314 374 375
3 375 376 314
3 376 377 314
3 377 378 315
3 378 379 315
3 379 380 315
3 315 381 382
3 382 383 384
3 384 385 386
3 386 387 316
3 316 388 389
3 389 390 316
3 390 391 316
3 391 392 393
3 393 394 366
3 370 372 366
3 372 314 366
3 315 382 316
3 382 384 316
3 384 386 316
3 391 393 316
3 393 366 316
3 314 377 315
3 366 314 316
3 317 395 318
3 320 396 321
3 397 398 399
3 399 400 401
3 401 402 403
3 403 404 401
3 404 323 401
3 323 405 406
3 406 407 323
3 407 408 323
3 408 409 324
3 409 410 324
3 410 411 324
3 324 412 413
3 413 414 415
3 415 416 417
3 417 418 325
3 325 419 420
3 420 421 422
3 422 423 397
3 423 424 397
3 424 425 397
3 397 399 401
3 324 413 325
3 413 415 325
3 415 417 325
3 325 420 397
3 420 422 397
3 397 401 323
3 323 408 324
3 397 323 325
3 426 427 428
3 426 429 427

//right
3 430 431 432
3 433 434 435
3 436 437 438
3 439 440 441
3 442 443 444
3 445 446 447
3 430 448 431
3 433 449 434
3 436 450 437
3 439 451 440
3 442 452 443
3 445 453 446
3 454 455 456
3 457 458 459
3 460 461 462
3 463 464 465
3 466 467 468
3 469 470 471
3 472 473 474
3 475 476 477
3 478 479 480
3 481 482 483
3 484 485 486
3 487 488 489
3 490 491 492
3 493 494 495
3 496 497 498
3 499 500 501
3 502 503 504
3 505 506 507
3 508 509 510
3 511 512 513
3 514 515 516
3 517 518 519
3 520 521 522
3 523 524 525
3 526 527 528
3 529 530 531
3 532 533 534
3 535 536 537
3 538 539 540
3 541 542 543
3 544 545 546
3 547 548 549
3 550 551 552
3 553 554 555
3 454 556 455
3 457 557 458
3 558 559 560
3 561 562 563
3 466 564 467
3 565 566 567
3 472 568 473
3 475 569 476
3 478 570 479
3 481 571 482
3 484 572 485
3 487 573 488
3 490 574 491
3 493 575 494
3 496 576 497
3 499 577 500
3 502 578 503
3 505 579 506
3 508 580 509
3 511 581 512
3 514 582 515
3 517 583 518
3 520 584 521
3 523 585 524
3 526 586 527
3 529 587 530
3 532 588 533
3 589 590 591
3 538 592 539
3 541 593 542
3 544 594 595
3 594 596 595
3 596 597 595
3 595 598 599
3 599 600 595
3 600 545 595
3 545 601 602
3 602 603 604
3 604 605 606
3 606 607 604
3 607 546 604
3 546 608 609
3 609 610 611
3 611 612 613
3 613 614 611
3 614 615 611
3 615 616 617
3 617 618 619
3 619 620 621
3 621 622 619
3 622 544 619
3 545 602 546
3 602 604 546
3 546 609 615
3 609 611 615
3 615 617 619
3 544 595 545
3 615 619 546
3 619 544 546
3 547 623 548
3 550 624 551
3 625 626 627
3 627 628 629
3 629 630 631
3 631 632 629
3 632 553 629
3 553 633 634
3 634 635 553
3 635 636 553
3 636 637 554
3 637 638 554
3 638 639 554
3 554 640 641
3 641 642 643
3 643 644 645
3 645 646 555
3 555 647 648
3 648 649 650
3 650 651 625
3 651 652 625
3 652 653 625
3 625 627 629
3 554 641 555
3 641 643 555
3 643 645 555
3 555 648 625
3 648 650 625
3 625 629 553
3 553 636 554
3 625 553 555
3 654 655 656
3 657 658 659
3 660 661 662
3 663 664 665
3 666 667 668
3 669 670 671
3 672 673 674
3 675 676 677
3 678 679 680
3 681 682 683
3 684 685 686
3 687 688 689
3 690 691 692
3 693 694 695
3 696 697 698
3 699 700 701
3 702 703 704
3 705 706 707
3 708 709 710
3 711 712 713
3 714 715 716
3 717 718 719
3 720 721 722
3 723 724 725
3 726 727 728
3 729 730 731
3 732 733 734
3 735 736 737
3 738 739 740
3 741 742 743
3 744 745 746
3 747 748 749
3 750 751 752
3 753 754 755
3 654 756 655
3 657 757 658
3 758 759 760
3 761 762 763
3 666 764 667
3 765 766 767
3 672 768 673
3 675 769 676
3 678 770 679
3 681 771 682
3 684 772 685
3 687 773 688
3 690 774 691
3 693 775 694
3 696 776 697
3 699 777 700
3 702 778 703
3 705 779 706
3 708 780 709
3 711 781 712
3 714 782 715
3 717 783 718
3 720 784 721
3 723 785 724
3 726 786 727
3 729 787 730
3 732 788 733
3 735 789 736
3 738 790 739
3 741 791 742
3 792 793 794
3 794 795 792
3 795 796 792
3 796 797 798
3 798 799 744
3 744 800 801
3 801 802 744
3 802 803 744
3 803 804 745
3 804 805 745
3 805 806 745
3 745 807 808
3 808 809 810
3 810 811 812
3 812 813 746
3 746 814 815
3 815 816 746
3 816 817 746
3 817 818 819
3 819 820 792
3 796 798 792
3 798 744 792
3 745 808 746
3 808 810 746
3 810 812 746
3 817 819 746
3 819 792 746
3 744 803 745
3 792 744 746
3 747 821 748
3 750 822 751
3 823 824 825
3 825 826 827
3 827 828 829
3 829 830 827
3 830 753 827
3 753 831 832
3 832 833 753
3 833 834 753
3 834 835 754
3 835 836 754
3 836 837 754
3 754 838 839
3 839 840 841
3 841 842 843
3 843 844 755
3 755 845 846
3 846 847 848
3 848 849 823
3 849 850 823
3 850 851 823
3 823 825 827
3 754 839 755
3 839 841 755
3 841 843 755
3 755 846 823
3 846 848 823
3 823 827 753
3 753 834 754
3 823 753 755
3 852 853 854
3 852 855 853