-3.000000 1.000000 1.049905 0.000000 0.000000 1.000000 0.875000 0.500000 255 255 255 255
-1.000000 -1.000000 1.049905 0.000000 0.000000 1.000000 0.625000 0.750000 251 247 248 255
-1.000000 1.000000 1.049905 0.000000 0.000000 1.000000 0.625000 0.500000 251 247 248 255
-1.000000 -1.000000 1.049905 0.000000 -1.000000 0.000000 0.625000 0.750000 251 247 248 255
-3.000000 -1.000000 -0.950095 0.000000 -1.000000 0.000000 0.375000 1.000000 255 255 255 255
-1.000000 -1.000000 -0.950095 0.000000 -1.000000 0.000000 0.375000 0.750000 255 255 255 255
-3.000000 -1.000000 1.049905 -1.000000 0.000000 0.000000 0.625000 0.000000 252 250 250 255
-3.000000 1.000000 -0.950095 -1.000000 0.000000 0.000000 0.375000 0.250000 255 255 255 255
-3.000000 -1.000000 -0.950095 -1.000000 0.000000 0.000000 0.375000 0.000000 255 255 255 255
-1.000000 1.000000 -0.950095 0.000000 0.000000 -1.000000 0.375000 0.500000 255 255 255 255
-3.000000 -1.000000 -0.950095 0.000000 0.000000 -1.000000 0.125000 0.750000 255 255 255 255
-3.000000 1.000000 -0.950095 0.000000 0.000000 -1.000000 0.125000 0.500000 255 255 255 255
-1.000000 1.000000 1.049905 1.000000 0.000000 -0.000000 0.625000 0.500000 251 247 248 255
-1.000000 -1.000000 -0.950095 1.000000 0.000000 -0.000000 0.375000 0.750000 255 255 255 255
-1.000000 1.000000 -0.950095 1.000000 0.000000 -0.000000 0.375000 0.500000 255 255 255 255
-3.000000 1.000000 1.049905 0.000000 1.000000 -0.000000 0.625000 0.250000 255 255 255 255
-1.000000 1.000000 -0.950095 0.000000 1.000000 -0.000000 0.375000 0.500000 255 255 255 255
-3.000000 1.000000 -0.950095 0.000000 1.000000 -0.000000 0.375000 0.250000 255 255 255 255
-3.000000 -1.000000 1.049905 0.000000 -0.000000 1.000000 0.875000 0.750000 252 250 250 255
-3.000000 -1.000000 1.049905 0.000000 -1.000000 0.000000 0.625000 1.000000 252 250 250 255
-3.000000 1.000000 1.049905 -1.000000 0.000000 0.000000 0.625000 0.250000 255 255 255 255
-1.000000 -1.000000 -0.950095 0.000000 0.000000 -1.000000 0.375000 0.750000 255 255 255 255
-1.000000 -1.000000 1.049905 1.000000 0.000000 0.000000 0.625000 0.750000 251 247 248 255
-1.000000 1.000000 1.049905 0.000000 1.000000 -0.000000 0.625000 0.500000 251 247 248 255
-2.000000 1.260000 0.390000 0.098017 0.000000 0.995185 1.000000 1.000000 247 247 247 255
-1.941473 1.860000 0.384236 0.098017 0.000000 0.995185 0.968750 0.500000 128 126 127 255
-2.000000 1.860000 0.390000 0.098017 0.000000 0.995185 1.000000 0.500000 132 131 131 255
-1.941473 1.260000 0.384236 0.290285 0.000000 0.956940 0.968750 1.000000 246 246 246 255
-1.885195 1.860000 0.367164 0.290285 0.000000 0.956940 0.937500 0.500000 124 122 123 255
-1.941473 1.860000 0.384236 0.290285 0.000000 0.956940 0.968750 0.500000 128 126 127 255
-1.885195 1.260000 0.367164 0.471396 0.000000 0.881921 0.937500 1.000000 245 245 245 255
-1.833329 1.860000 0.339441 0.471396 0.000000 0.881921 0.906250 0.500000 121 119 120 255
-1.885195 1.860000 0.367164 0.471396 0.000000 0.881921 0.937500 0.500000 124 122 123 255
-1.833329 1.260000 0.339441 0.634393 -0.000000 0.773010 0.906250 1.000000 242 242 242 255
-1.787868 1.860000 0.302132 0.634393 -0.000000 0.773010 0.875000 0.500000 118 116 117 255
-1.833329 1.860000 0.339441 0.634393 -0.000000 0.773010 0.906250 0.500000 121 119 120 255
-1.787868 1.260000 0.302132 0.773010 -0.000000 0.634394 0.875000 1.000000 241 240 241 255
-1.750559 1.860000 0.256671 0.773010 -0.000000 0.634394 0.843750 0.500000 116 114 115 255
-1.787868 1.860000 0.302132 0.773010 -0.000000 0.634394 0.875000 0.500000 118 116 117 255
-1.750559 1.260000 0.256671 0.881921 0.000000 0.471397 0.843750 1.000000 239 239 239 255
-1.722836 1.860000 0.204805 0.881921 0.000000 0.471397 0.812500 0.500000 115 113 114 255
-1.750559 1.860000 0.256671 0.881921 0.000000 0.471397 0.843750 0.500000 116 114 115 255
-1.722836 1.260000 0.204805 0.956940 -0.000000 0.290285 0.812500 1.000000 236 236 236 255
-1.705764 1.860000 0.148527 0.956940 -0.000000 0.290285 0.781250 0.500000 114 112 113 255
-1.722836 1.860000 0.204805 0.956940 -0.000000 0.290285 0.812500 0.500000 115 113 114 255
-1.705764 1.260000 0.148527 0.995185 -0.000000 0.098016 0.781250 1.000000 235 235 235 255
-1.700000 1.860000 0.090000 0.995185 -0.000000 0.098016 0.750000 0.500000 113 111 112 255
-1.705764 1.860000 0.148527 0.995185 -0.000000 0.098016 0.781250 0.500000 114 112 113 255
-1.700000 1.260000 0.090000 0.995185 0.000000 -0.098016 0.750000 1.000000 233 233 233 255
-1.705764 1.860000 0.031473 0.995185 0.000000 -0.098016 0.718750 0.500000 113 111 112 255
-1.700000 1.860000 0.090000 0.995185 0.000000 -0.098016 0.750000 0.500000 113 111 112 255
-1.705764 1.260000 0.031473 0.956940 0.000000 -0.290285 0.718750 1.000000 231 231 231 255
-1.722836 1.860000 -0.024805 0.956940 0.000000 -0.290285 0.687500 0.500000 113 111 112 255
-1.705764 1.860000 0.031473 0.956940 0.000000 -0.290285 0.718750 0.500000 113 111 112 255
-1.722836 1.260000 -0.024805 0.881922 0.000000 -0.471396 0.687500 1.000000 231 231 231 255
-1.750559 1.860000 -0.076671 0.881922 0.000000 -0.471396 0.656250 0.500000 113 111 112 255
-1.722836 1.860000 -0.024805 0.881922 0.000000 -0.471396 0.687500 0.500000 113 111 112 255
-1.750559 1.260000 -0.076671 0.773010 0.000000 -0.634394 0.656250 1.000000 231 231 231 255
-1.787868 1.860000 -0.122132 0.773010 0.000000 -0.634394 0.625000 0.500000 113 111 112 255
-1.750559 1.860000 -0.076671 0.773010 0.000000 -0.634394 0.656250 0.500000 113 111 112 255
-1.787868 1.260000 -0.122132 0.634394 0.000000 -0.773010 0.625000 1.000000 232 232 232 255
-1.833329 1.860000 -0.159441 0.634394 0.000000 -0.773010 0.593750 0.500000 113 111 112 255
-1.787868 1.860000 -0.122132 0.634394 0.000000 -0.773010 0.625000 0.500000 113 111 112 255
-1.833329 1.260000 -0.159441 0.471397 0.000000 -0.881921 0.593750 1.000000 234 234 234 255
-1.885195 1.860000 -0.187164 0.471397 0.000000 -0.881921 0.562500 0.500000 114 112 113 255
-1.833329 1.860000 -0.159441 0.471397 0.000000 -0.881921 0.593750 0.500000 113 111 112 255
-1.885195 1.260000 -0.187164 0.290284 0.000000 -0.956940 0.562500 1.000000 235 235 235 255
-1.941473 1.860000 -0.204236 0.290284 0.000000 -0.956940 0.531250 0.500000 115 113 114 255
-1.885195 1.860000 -0.187164 0.290284 0.000000 -0.956940 0.562500 0.500000 114 112 113 255
-1.941473 1.260000 -0.204236 0.098017 0.000000 -0.995185 0.531250 1.000000 237 237 237 255
-2.000000 1.860000 -0.210000 0.098017 0.000000 -0.995185 0.500000 0.500000 116 114 115 255
-1.941473 1.860000 -0.204236 0.098017 0.000000 -0.995185 0.531250 0.500000 115 113 114 255
-2.000000 1.260000 -0.210000 -0.098018 0.000000 -0.995185 0.500000 1.000000 239 239 239 255
-2.058527 1.860000 -0.204236 -0.098018 0.000000 -0.995185 0.468750 0.500000 118 116 117 255
-2.000000 1.860000 -0.210000 -0.098018 0.000000 -0.995185 0.500000 0.500000 116 114 115 255
-2.058527 1.260000 -0.204236 -0.290285 0.000000 -0.956940 0.468750 1.000000 241 241 241 255
-2.114805 1.860000 -0.187164 -0.290285 0.000000 -0.956940 0.437500 0.500000 120 118 119 255
-2.058527 1.860000 -0.204236 -0.290285 0.000000 -0.956940 0.468750 0.500000 118 116 117 255
-2.114805 1.260000 -0.187164 -0.471397 0.000000 -0.881921 0.437500 1.000000 243 243 243 255
-2.166671 1.860000 -0.159441 -0.471397 0.000000 -0.881921 0.406250 0.500000 122 121 122 255
-2.114805 1.860000 -0.187164 -0.471397 0.000000 -0.881921 0.437500 0.500000 120 118 119 255
-2.166671 1.260000 -0.159441 -0.634394 0.000000 -0.773010 0.406250 1.000000 244 244 244 255
-2.212132 1.860000 -0.122132 -0.634394 0.000000 -0.773010 0.375000 0.500000 125 124 125 255
-2.166671 1.860000 -0.159441 -0.634394 0.000000 -0.773010 0.406250 0.500000 122 121 122 255
-2.212132 1.260000 -0.122132 -0.773012 0.000000 -0.634391 0.375000 1.000000 246 246 246 255
-2.249441 1.860000 -0.076671 -0.773012 0.000000 -0.634391 0.343750 0.500000 129 127 128 255
-2.212132 1.860000 -0.122132 -0.773012 0.000000 -0.634391 0.375000 0.500000 125 124 125 255
-2.249441 1.260000 -0.076671 -0.881921 0.000000 -0.471398 0.343750 1.000000 246 246 246 255
-2.277164 1.860000 -0.024805 -0.881921 0.000000 -0.471398 0.312500 0.500000 133 131 132 255
-2.249441 1.860000 -0.076671 -0.881921 0.000000 -0.471398 0.343750 0.500000 129 127 128 255
-2.277164 1.260000 -0.024805 -0.956940 0.000000 -0.290284 0.312500 1.000000 247 247 247 255
-2.294236 1.860000 0.031473 -0.956940 0.000000 -0.290284 0.281250 0.500000 136 134 135 255
-2.277164 1.860000 -0.024805 -0.956940 0.000000 -0.290284 0.312500 0.500000 133 131 132 255
-2.294236 1.260000 0.031473 -0.995185 0.000000 -0.098014 0.281250 1.000000 247 247 247 255
-2.300000 1.860000 0.090000 -0.995185 0.000000 -0.098014 0.250000 0.500000 138 136 137 255
-2.294236 1.860000 0.031473 -0.995185 0.000000 -0.098014 0.281250 0.500000 136 134 135 255
-2.300000 1.260000 0.090000 -0.995185 -0.000000 0.098018 0.250000 1.000000 248 248 248 255
-2.294235 1.860000 0.148527 -0.995185 -0.000000 0.098018 0.218750 0.500000 140 139 139 255
-2.300000 1.860000 0.090000 -0.995185 -0.000000 0.098018 0.250000 0.500000 138 136 137 255
-2.294235 1.260000 0.148527 -0.956940 -0.000000 0.290285 0.218750 1.000000 249 249 249 255
-2.277164 1.860000 0.204805 -0.956940 -0.000000 0.290285 0.187500 0.500000 142 141 141 255
-2.294235 1.860000 0.148527 -0.956940 -0.000000 0.290285 0.218750 0.500000 140 139 139 255
-2.277164 1.260000 0.204805 -0.881920 -0.000000 0.471398 0.187500 1.000000 249 249 249 255
-2.249441 1.860000 0.256671 -0.881920 -0.000000 0.471398 0.156250 0.500000 142 141 141 255
-2.277164 1.860000 0.204805 -0.881920 -0.000000 0.471398 0.187500 0.500000 142 141 141 255
-2.249441 1.260000 0.256671 -0.773009 -0.000000 0.634395 0.156250 1.000000 250 250 250 255
-2.212132 1.860000 0.302132 -0.773009 -0.000000 0.634395 0.125000 0.500000 142 141 141 255
-2.249441 1.860000 0.256671 -0.773009 -0.000000 0.634395 0.156250 0.500000 142 141 141 255
-2.212132 1.260000 0.302132 -0.634393 0.000000 0.773011 0.125000 1.000000 249 249 249 255
-2.166671 1.860000 0.339441 -0.634393 0.000000 0.773011 0.093750 0.500000 141 140 140 255
-2.212132 1.860000 0.302132 -0.634393 0.000000 0.773011 0.125000 0.500000 142 141 141 255
-2.166671 1.260000 0.339441 -0.471396 0.000000 0.881922 0.093750 1.000000 249 249 249 255
-2.114805 1.860000 0.367164 -0.471396 0.000000 0.881922 0.062500 0.500000 139 138 138 255
-2.166671 1.860000 0.339441 -0.471396 0.000000 0.881922 0.093750 0.500000 141 140 140 255
-2.000000 1.260000 0.390000 0.000000 1.000000 -0.000000 0.250000 0.490000 247 247 247 255
-1.700000 1.260000 0.090000 0.000000 1.000000 -0.000000 0.490000 0.250000 233 233 233 255
-2.000000 1.260000 -0.210000 0.000000 1.000000 -0.000000 0.250000 0.010000 239 239 239 255
-2.114805 1.260000 0.367164 -0.290283 0.000000 0.956941 0.062500 1.000000 249 249 249 255
-2.058527 1.860000 0.384236 -0.290283 0.000000 0.956941 0.031250 0.500000 135 134 135 255
-2.114805 1.860000 0.367164 -0.290283 0.000000 0.956941 0.062500 0.500000 139 138 138 255
-2.058527 1.260000 0.384236 -0.098016 0.000000 0.995185 0.031250 1.000000 248 248 248 255
-2.000000 1.860000 0.390000 -0.098016 0.000000 0.995185 0.000000 0.500000 132 131 131 255
-2.058527 1.860000 0.384236 -0.098016 0.000000 0.995185 0.031250 0.500000 135 134 135 255
-1.705764 1.860000 0.148527 -0.000000 1.000000 0.000000 0.985388 0.296822 114 112 113 255
-1.941473 1.860000 -0.204236 -0.000000 1.000000 0.000000 0.796822 0.014612 115 113 114 255
-2.294236 1.860000 0.031473 -0.000000 1.000000 0.000000 0.514611 0.203179 136 134 135 255
-1.941473 1.260000 0.384236 0.098017 0.000000 0.995185 0.968750 1.000000 246 246 246 255
-1.885195 1.260000 0.367164 0.290285 0.000000 0.956940 0.937500 1.000000 245 245 245 255
-1.885195 1.260000 0.367164 0.471397 -0.000000 0.881921 0.937500 1.000000 245 245 245 255
-1.833329 1.260000 0.339441 0.471397 -0.000000 0.881921 0.906250 1.000000 242 242 242 255
-1.833329 1.860000 0.339441 0.471397 -0.000000 0.881921 0.906250 0.500000 121 119 120 255
-1.833329 1.260000 0.339441 0.634394 -0.000000 0.773010 0.906250 1.000000 242 242 242 255
-1.787868 1.260000 0.302132 0.634394 -0.000000 0.773010 0.875000 1.000000 241 240 241 255
-1.787868 1.860000 0.302132 0.634394 -0.000000 0.773010 0.875000 0.500000 118 116 117 255
-1.750559 1.260000 0.256671 0.773010 0.000000 0.634394 0.843750 1.000000 239 239 239 255
-1.750559 1.260000 0.256671 0.881921 -0.000000 0.471396 0.843750 1.000000 239 239 239 255
-1.722836 1.260000 0.204805 0.881921 -0.000000 0.471396 0.812500 1.000000 236 236 236 255
-1.722836 1.860000 0.204805 0.881921 -0.000000 0.471396 0.812500 0.500000 115 113 114 255
-1.705764 1.260000 0.148527 0.956940 -0.000000 0.290285 0.781250 1.000000 235 235 235 255
-1.700000 1.260000 0.090000 0.995185 -0.000000 0.098016 0.750000 1.000000 233 233 233 255
-1.705764 1.260000 0.031473 0.995185 0.000000 -0.098016 0.718750 1.000000 231 231 231 255
-1.722836 1.260000 -0.024805 0.956940 0.000000 -0.290285 0.687500 1.000000 231 231 231 255
-1.750559 1.260000 -0.076671 0.881922 0.000000 -0.471396 0.656250 1.000000 231 231 231 255
-1.787868 1.260000 -0.122132 0.773010 0.000000 -0.634394 0.625000 1.000000 232 232 232 255
-1.833329 1.260000 -0.159441 0.634394 0.000000 -0.773010 0.593750 1.000000 234 234 234 255
-1.885195 1.260000 -0.187164 0.471397 0.000000 -0.881921 0.562500 1.000000 235 235 235 255
-1.941473 1.260000 -0.204236 0.290284 0.000000 -0.956940 0.531250 1.000000 237 237 237 255
-2.000000 1.260000 -0.210000 0.098017 0.000000 -0.995185 0.500000 1.000000 239 239 239 255
-2.058527 1.260000 -0.204236 -0.098018 -0.000000 -0.995185 0.468750 1.000000 241 241 241 255
-2.114805 1.260000 -0.187164 -0.290285 -0.000000 -0.956940 0.437500 1.000000 243 243 243 255
-2.166671 1.260000 -0.159441 -0.471397 0.000000 -0.881921 0.406250 1.000000 244 244 244 255
-2.212132 1.260000 -0.122132 -0.634394 0.000000 -0.773010 0.375000 1.000000 246 246 246 255
-2.249441 1.260000 -0.076671 -0.773012 0.000000 -0.634391 0.343750 1.000000 246 246 246 255
-2.277164 1.260000 -0.024805 -0.881921 0.000000 -0.471398 0.312500 1.000000 247 247 247 255
-2.294236 1.260000 0.031473 -0.956940 0.000000 -0.290284 0.281250 1.000000 247 247 247 255
-2.300000 1.260000 0.090000 -0.995185 0.000000 -0.098014 0.250000 1.000000 248 248 248 255
-2.294235 1.260000 0.148527 -0.995185 -0.000000 0.098018 0.218750 1.000000 249 249 249 255
-2.277164 1.260000 0.204805 -0.956940 -0.000000 0.290285 0.187500 1.000000 249 249 249 255
-2.249441 1.260000 0.256671 -0.881920 -0.000000 0.471398 0.156250 1.000000 250 250 250 255
-2.249441 1.260000 0.256671 -0.773010 0.000000 0.634394 0.156250 1.000000 250 250 250 255
-2.212132 1.260000 0.302132 -0.773010 0.000000 0.634394 0.125000 1.000000 249 249 249 255
-2.212132 1.860000 0.302132 -0.773010 0.000000 0.634394 0.125000 0.500000 142 141 141 255
-2.166671 1.260000 0.339441 -0.634393 0.000000 0.773011 0.093750 1.000000 249 249 249 255
-2.114805 1.260000 0.367164 -0.471396 0.000000 0.881922 0.062500 1.000000 249 249 249 255
-1.941473 1.260000 0.384236 0.000000 1.000000 0.000000 0.296822 0.485388 246 246 246 255
-1.787868 1.260000 0.302132 0.000000 1.000000 0.000000 0.419706 0.419706 241 240 241 255
-1.885195 1.260000 0.367164 0.000000 1.000000 0.000000 0.341844 0.471731 245 245 245 255
-1.833329 1.260000 0.339441 0.000000 1.000000 0.000000 0.383337 0.449553 242 242 242 255
-1.750559 1.260000 0.256671 0.000000 1.000000 0.000000 0.449553 0.383337 239 239 239 255
-1.722836 1.260000 0.204805 0.000000 1.000000 0.000000 0.471731 0.341844 236 236 236 255
-1.705764 1.260000 0.148527 -0.000000 1.000000 -0.000000 0.485388 0.296822 235 235 235 255
-1.705764 1.260000 0.031473 0.000000 1.000000 0.000000 0.485388 0.203178 231 231 231 255
-1.722836 1.260000 -0.024805 0.000000 1.000000 0.000000 0.471731 0.158156 231 231 231 255
-1.750559 1.260000 -0.076671 0.000000 1.000000 0.000000 0.449553 0.116663 231 231 231 255
-1.787868 1.260000 -0.122132 0.000000 1.000000 0.000000 0.419706 0.080294 232 232 232 255
-1.833329 1.260000 -0.159441 0.000000 1.000000 0.000000 0.383337 0.050447 234 234 234 255
-1.885195 1.260000 -0.187164 0.000000 1.000000 0.000000 0.341844 0.028269 235 235 235 255
-1.941473 1.260000 -0.204236 -0.000000 1.000000 0.000000 0.296822 0.014612 237 237 237 255
-2.058527 1.260000 -0.204236 0.000000 1.000000 0.000000 0.203178 0.014612 241 241 241 255
-2.114805 1.260000 -0.187164 0.000000 1.000000 0.000000 0.158156 0.028269 243 243 243 255
-2.166671 1.260000 -0.159441 0.000000 1.000000 0.000000 0.116663 0.050447 244 244 244 255
-2.212132 1.260000 -0.122132 0.000000 1.000000 0.000000 0.080294 0.080294 246 246 246 255
-2.249441 1.260000 -0.076671 0.000000 1.000000 0.000000 0.050447 0.116663 246 246 246 255
-2.277164 1.260000 -0.024805 0.000000 1.000000 0.000000 0.028269 0.158156 247 247 247 255
-2.294236 1.260000 0.031473 0.000000 1.000000 0.000000 0.014611 0.203179 247 247 247 255
-2.300000 1.260000 0.090000 0.000000 1.000000 0.000000 0.010000 0.250000 248 248 248 255
-2.294235 1.260000 0.148527 0.000000 1.000000 0.000000 0.014612 0.296822 249 249 249 255
-2.277164 1.260000 0.204805 0.000000 1.000000 0.000000 0.028269 0.341844 249 249 249 255
-2.249441 1.260000 0.256671 0.000000 1.000000 0.000000 0.050447 0.383337 250 250 250 255
-2.212132 1.260000 0.302132 0.000000 1.000000 0.000000 0.080295 0.419706 249 249 249 255
-2.166671 1.260000 0.339441 0.000000 1.000000 0.000000 0.116663 0.449553 249 249 249 255
-2.114805 1.260000 0.367164 0.000000 1.000000 0.000000 0.158156 0.471731 249 249 249 255
-2.058527 1.260000 0.384236 0.000000 1.000000 -0.000000 0.203179 0.485389 248 248 248 255
-2.058527 1.260000 0.384236 -0.290283 0.000000 0.956941 0.031250 1.000000 248 248 248 255
-2.000000 1.260000 0.390000 -0.098016 0.000000 0.995185 0.000000 1.000000 247 247 247 255
-2.058527 1.860000 0.384236 0.000000 1.000000 0.000000 0.703179 0.485389 135 134 135 255
-2.000000 1.860000 0.390000 0.000000 1.000000 0.000000 0.750000 0.490000 132 131 131 255
-1.941473 1.860000 0.384236 0.000000 1.000000 0.000000 0.796822 0.485388 128 126 127 255
-1.885195 1.860000 0.367164 0.000000 1.000000 0.000000 0.841844 0.471731 124 122 123 255
-1.833329 1.860000 0.339441 0.000000 1.000000 0.000000 0.883337 0.449553 121 119 120 255
-1.787868 1.860000 0.302132 0.000000 1.000000 0.000000 0.919706 0.419706 118 116 117 255
-1.750559 1.860000 0.256671 0.000000 1.000000 0.000000 0.949553 0.383337 116 114 115 255
-1.722836 1.860000 0.204805 -0.000000 1.000000 -0.000000 0.971731 0.341844 115 113 114 255
-1.700000 1.860000 0.090000 0.000000 1.000000 -0.000000 0.990000 0.250000 113 111 112 255
-1.705764 1.860000 0.031473 0.000000 1.000000 -0.000000 0.985388 0.203178 113 111 112 255
-1.722836 1.860000 -0.024805 -0.000000 1.000000 0.000000 0.971731 0.158156 113 111 112 255
-1.750559 1.860000 -0.076671 -0.000000 1.000000 0.000000 0.949553 0.116663 113 111 112 255
-1.787868 1.860000 -0.122132 0.000000 1.000000 0.000000 0.919706 0.080294 113 111 112 255
-1.833329 1.860000 -0.159441 0.000000 1.000000 0.000000 0.883337 0.050447 113 111 112 255
-1.885195 1.860000 -0.187164 0.000000 1.000000 0.000000 0.841844 0.028269 114 112 113 255
-2.000000 1.860000 -0.210000 -0.000000 1.000000 0.000000 0.750000 0.010000 116 114 115 255
-2.058527 1.860000 -0.204236 -0.000000 1.000000 0.000000 0.703178 0.014612 118 116 117 255
-2.114805 1.860000 -0.187164 0.000000 1.000000 0.000000 0.658156 0.028269 120 118 119 255
-2.166671 1.860000 -0.159441 0.000000 1.000000 0.000000 0.616663 0.050447 122 121 122 255
-2.212132 1.860000 -0.122132 0.000000 1.000000 0.000000 0.580294 0.080294 125 124 125 255
-2.249441 1.860000 -0.076671 0.000000 1.000000 0.000000 0.550447 0.116663 129 127 128 255
-2.277164 1.860000 -0.024805 0.000000 1.000000 0.000000 0.528269 0.158156 133 131 132 255
-2.300000 1.860000 0.090000 0.000000 1.000000 0.000000 0.510000 0.250000 138 136 137 255
-2.294235 1.860000 0.148527 0.000000 1.000000 0.000000 0.514612 0.296822 140 139 139 255
-2.277164 1.860000 0.204805 0.000000 1.000000 0.000000 0.528269 0.341844 142 141 141 255
-2.249441 1.860000 0.256671 0.000000 1.000000 0.000000 0.550447 0.383337 142 141 141 255
-2.212132 1.860000 0.302132 0.000000 1.000000 0.000000 0.580295 0.419706 142 141 141 255
-2.166671 1.860000 0.339441 0.000000 1.000000 0.000000 0.616663 0.449553 141 140 140 255
-2.114805 1.860000 0.367164 0.000000 1.000000 0.000000 0.658156 0.471731 139 138 138 255
2.000000 0.849999 0.690000 0.098017 0.000000 -0.995185 1.000000 1.000000 153 150 151 255
1.882946 1.849999 0.678471 0.098017 0.000000 -0.995185 0.968750 0.500000 153 150 151 255
2.000000 1.849999 0.690000 0.098017 0.000000 -0.995185 1.000000 0.500000 153 150 151 255
1.882946 0.849999 0.678471 0.290285 0.000000 -0.956940 0.968750 1.000000 153 150 151 255
1.770390 1.849999 0.644328 0.290285 0.000000 -0.956940 0.937500 0.500000 153 150 151 255
1.882946 1.849999 0.678471 0.290285 0.000000 -0.956940 0.968750 0.500000 153 150 151 255
1.770390 0.849999 0.644328 0.471396 0.000000 -0.881921 0.937500 1.000000 153 150 151 255
1.666658 1.849999 0.588882 0.471396 0.000000 -0.881921 0.906250 0.500000 153 150 151 255
1.770390 1.849999 0.644328 0.471396 0.000000 -0.881921 0.937500 0.500000 153 150 151 255
1.666658 0.849999 0.588882 0.634394 0.000000 -0.773010 0.906250 1.000000 153 150 151 255
1.575736 1.849999 0.514264 0.634394 0.000000 -0.773010 0.875000 0.500000 153 150 151 255
1.666658 1.849999 0.588882 0.634394 0.000000 -0.773010 0.906250 0.500000 153 150 151 255
1.575736 0.849999 0.514264 0.773010 0.000000 -0.634394 0.875000 1.000000 153 150 151 255
1.501118 1.849999 0.423342 0.773010 0.000000 -0.634394 0.843750 0.500000 153 150 151 255
1.575736 1.849999 0.514264 0.773010 0.000000 -0.634394 0.875000 0.500000 153 150 151 255
1.501118 0.849999 0.423342 0.881921 0.000000 -0.471396 0.843750 1.000000 153 150 151 255
1.445672 1.849999 0.319610 0.881921 0.000000 -0.471396 0.812500 0.500000 153 150 151 255
1.501118 1.849999 0.423342 0.881921 0.000000 -0.471396 0.843750 0.500000 153 150 151 255
1.445672 0.849999 0.319610 0.956940 0.000000 -0.290285 0.812500 1.000000 153 150 151 255
1.411529 1.849999 0.207054 0.956940 0.000000 -0.290285 0.781250 0.500000 153 150 151 255
1.445672 1.849999 0.319610 0.956940 0.000000 -0.290285 0.812500 0.500000 153 150 151 255
1.411529 0.849999 0.207054 0.995185 0.000000 -0.098017 0.781250 1.000000 153 150 151 255
1.400000 1.849999 0.090000 0.995185 0.000000 -0.098017 0.750000 0.500000 153 150 151 255
1.411529 1.849999 0.207054 0.995185 0.000000 -0.098017 0.781250 0.500000 153 150 151 255
1.400000 0.849999 0.090000 0.995185 -0.000000 0.098017 0.750000 1.000000 153 150 151 255
1.411529 1.849999 -0.027054 0.995185 -0.000000 0.098017 0.718750 0.500000 153 150 151 255
1.400000 1.849999 0.090000 0.995185 -0.000000 0.098017 0.750000 0.500000 153 150 151 255
1.411529 0.849999 -0.027054 0.956940 -0.000000 0.290285 0.718750 1.000000 153 150 151 255
1.445672 1.849999 -0.139610 0.956940 -0.000000 0.290285 0.687500 0.500000 153 150 151 255
1.411529 1.849999 -0.027054 0.956940 -0.000000 0.290285 0.718750 0.500000 153 150 151 255
1.445672 0.849999 -0.139610 0.881922 -0.000000 0.471396 0.687500 1.000000 153 150 151 255
1.501118 1.849999 -0.243342 0.881922 -0.000000 0.471396 0.656250 0.500000 153 150 151 255
1.445672 1.849999 -0.139610 0.881922 -0.000000 0.471396 0.687500 0.500000 153 150 151 255
1.501118 0.849999 -0.243342 0.773010 -0.000000 0.634394 0.656250 1.000000 153 150 151 255
1.575736 1.849999 -0.334264 0.773010 -0.000000 0.634394 0.625000 0.500000 153 150 151 255
1.501118 1.849999 -0.243342 0.773010 -0.000000 0.634394 0.656250 0.500000 153 150 151 255
1.575736 0.849999 -0.334264 0.634393 -0.000000 0.773010 0.625000 1.000000 153 150 151 255
1.666658 1.849999 -0.408882 0.634393 -0.000000 0.773010 0.593750 0.500000 153 150 151 255
1.575736 1.849999 -0.334264 0.634393 -0.000000 0.773010 0.625000 0.500000 153 150 151 255
1.666658 0.849999 -0.408882 0.471397 -0.000000 0.881921 0.593750 1.000000 153 150 151 255
1.770390 1.849999 -0.464328 0.471397 -0.000000 0.881921 0.562500 0.500000 153 150 151 255
1.666658 1.849999 -0.408882 0.471397 -0.000000 0.881921 0.593750 0.500000 153 150 151 255
1.770390 0.849999 -0.464328 0.290285 0.000000 0.956940 0.562500 1.000000 153 150 151 255
1.882946 1.849999 -0.498471 0.290285 0.000000 0.956940 0.531250 0.500000 153 150 151 255
1.770390 1.849999 -0.464328 0.290285 0.000000 0.956940 0.562500 0.500000 153 150 151 255
1.882946 0.849999 -0.498471 0.098016 0.000000 0.995185 0.531250 1.000000 153 150 151 255
2.000000 1.849999 -0.510000 0.098016 0.000000 0.995185 0.500000 0.500000 153 150 151 255
1.882946 1.849999 -0.498471 0.098016 0.000000 0.995185 0.531250 0.500000 153 150 151 255
2.000000 0.849999 -0.510000 -0.098018 0.000000 0.995185 0.500000 1.000000 153 150 151 255
2.117054 1.849999 -0.498471 -0.098018 0.000000 0.995185 0.468750 0.500000 153 150 151 255
2.000000 1.849999 -0.510000 -0.098018 0.000000 0.995185 0.500000 0.500000 153 150 151 255
2.117054 0.849999 -0.498471 -0.290285 0.000000 0.956940 0.468750 1.000000 153 150 151 255
2.229610 1.849999 -0.464328 -0.290285 0.000000 0.956940 0.437500 0.500000 153 150 151 255
2.117054 1.849999 -0.498471 -0.290285 0.000000 0.956940 0.468750 0.500000 153 150 151 255
2.229610 0.849999 -0.464328 -0.471397 0.000000 0.881921 0.437500 1.000000 153 150 151 255
2.333343 1.849999 -0.408882 -0.471397 0.000000 0.881921 0.406250 0.500000 153 150 151 255
2.229610 1.849999 -0.464328 -0.471397 0.000000 0.881921 0.437500 0.500000 153 150 151 255
2.333343 0.849999 -0.408882 -0.634394 -0.000000 0.773010 0.406250 1.000000 153 150 151 255
2.424264 1.849999 -0.334264 -0.634394 -0.000000 0.773010 0.375000 0.500000 153 150 151 255
2.333343 1.849999 -0.408882 -0.634394 -0.000000 0.773010 0.406250 0.500000 153 150 151 255
2.424264 0.849999 -0.334264 -0.773011 -0.000000 0.634392 0.375000 1.000000 153 150 151 255
2.498882 1.849999 -0.243342 -0.773011 -0.000000 0.634392 0.343750 0.500000 153 150 151 255
2.424264 1.849999 -0.334264 -0.773011 -0.000000 0.634392 0.375000 0.500000 153 150 151 255
2.498882 0.849999 -0.243342 -0.881922 -0.000000 0.471396 0.343750 1.000000 153 150 151 255
2.554328 1.849999 -0.139610 -0.881922 -0.000000 0.471396 0.312500 0.500000 153 150 151 255
2.498882 1.849999 -0.243342 -0.881922 -0.000000 0.471396 0.343750 0.500000 153 150 151 255
2.554328 0.849999 -0.139610 -0.956940 -0.000000 0.290284 0.312500 1.000000 153 150 151 255
2.588471 1.849999 -0.027054 -0.956940 -0.000000 0.290284 0.281250 0.500000 153 150 151 255
2.554328 1.849999 -0.139610 -0.956940 -0.000000 0.290284 0.312500 0.500000 153 150 151 255
2.588471 0.849999 -0.027054 -0.995185 -0.000000 0.098014 0.281250 1.000000 153 150 151 255
2.600000 1.849999 0.090001 -0.995185 -0.000000 0.098014 0.250000 0.500000 153 150 151 255
2.588471 1.849999 -0.027054 -0.995185 -0.000000 0.098014 0.281250 0.500000 153 150 151 255
2.600000 0.849999 0.090001 -0.995185 0.000000 -0.098018 0.250000 1.000000 153 150 151 255
2.588471 1.849999 0.207055 -0.995185 0.000000 -0.098018 0.218750 0.500000 154 148 149 255
2.600000 1.849999 0.090001 -0.995185 0.000000 -0.098018 0.250000 0.500000 153 150 151 255
2.588471 0.849999 0.207055 -0.956940 0.000000 -0.290285 0.218750 1.000000 152 148 149 255
2.554327 1.849999 0.319611 -0.956940 0.000000 -0.290285 0.187500 0.500000 155 147 149 255
2.588471 1.849999 0.207055 -0.956940 0.000000 -0.290285 0.218750 0.500000 154 148 149 255
2.554327 0.849999 0.319611 -0.881921 0.000000 -0.471398 0.187500 1.000000 153 148 150 255
2.498881 1.849999 0.423343 -0.881921 0.000000 -0.471398 0.156250 0.500000 153 149 150 255
2.554327 1.849999 0.319611 -0.881921 0.000000 -0.471398 0.187500 0.500000 155 147 149 255
2.498881 0.849999 0.423343 -0.773009 0.000000 -0.634394 0.156250 1.000000 153 150 151 255
2.424263 1.849999 0.514265 -0.773009 0.000000 -0.634394 0.125000 0.500000 153 150 151 255
2.498881 1.849999 0.423343 -0.773009 0.000000 -0.634394 0.156250 0.500000 153 149 150 255
2.424263 0.849999 0.514265 -0.634393 0.000000 -0.773011 0.125000 1.000000 153 150 151 255
2.333342 1.849999 0.588882 -0.634393 0.000000 -0.773011 0.093750 0.500000 153 150 151 255
2.424263 1.849999 0.514265 -0.634393 0.000000 -0.773011 0.125000 0.500000 153 150 151 255
2.333342 0.849999 0.588882 -0.471395 0.000000 -0.881922 0.093750 1.000000 153 150 151 255
2.229609 1.849999 0.644328 -0.471395 0.000000 -0.881922 0.062500 0.500000 153 150 151 255
2.333342 1.849999 0.588882 -0.471395 0.000000 -0.881922 0.093750 0.500000 153 150 151 255
2.554327 0.849999 0.319611 -0.000000 1.000000 0.000000 0.028269 0.341844 153 148 150 255
2.229610 0.849999 -0.464328 -0.000000 1.000000 0.000000 0.158156 0.028269 153 150 151 255
1.445672 0.849999 -0.139610 -0.000000 1.000000 0.000000 0.471731 0.158156 153 150 151 255
2.229609 0.849999 0.644328 -0.290283 0.000000 -0.956941 0.062500 1.000000 153 150 151 255
2.117053 1.849999 0.678471 -0.290283 0.000000 -0.956941 0.031250 0.500000 153 150 151 255
2.229609 1.849999 0.644328 -0.290283 0.000000 -0.956941 0.062500 0.500000 153 150 151 255
2.117053 0.849999 0.678471 -0.098017 0.000000 -0.995185 0.031250 1.000000 153 150 151 255
2.000000 1.849999 0.690000 -0.098017 0.000000 -0.995185 0.000000 0.500000 153 150 151 255
2.117053 1.849999 0.678471 -0.098017 0.000000 -0.995185 0.031250 0.500000 153 150 151 255
1.411529 1.849999 0.207054 -0.000000 -1.000000 0.000000 0.985388 0.296822 153 150 151 255
1.882946 1.849999 -0.498471 -0.000000 -1.000000 0.000000 0.796822 0.014612 153 150 151 255
2.588471 1.849999 -0.027054 -0.000000 -1.000000 0.000000 0.514611 0.203179 153 150 151 255
1.882946 0.849999 0.678471 0.098017 0.000000 -0.995185 0.968750 1.000000 153 150 151 255
1.770390 0.849999 0.644328 0.290285 0.000000 -0.956940 0.937500 1.000000 153 150 151 255
1.770390 0.849999 0.644328 0.471397 0.000000 -0.881921 0.937500 1.000000 153 150 151 255
1.666658 0.849999 0.588882 0.471397 0.000000 -0.881921 0.906250 1.000000 153 150 151 255
1.666658 1.849999 0.588882 0.471397 0.000000 -0.881921 0.906250 0.500000 153 150 151 255
1.666658 0.849999 0.588882 0.634393 0.000000 -0.773010 0.906250 1.000000 153 150 151 255
1.575736 0.849999 0.514264 0.634393 0.000000 -0.773010 0.875000 1.000000 153 150 151 255
1.575736 1.849999 0.514264 0.634393 0.000000 -0.773010 0.875000 0.500000 153 150 151 255
1.501118 0.849999 0.423342 0.773010 0.000000 -0.634394 0.843750 1.000000 153 150 151 255
1.501118 0.849999 0.423342 0.881921 0.000000 -0.471397 0.843750 1.000000 153 150 151 255
1.445672 0.849999 0.319610 0.881921 0.000000 -0.471397 0.812500 1.000000 153 150 151 255
1.445672 1.849999 0.319610 0.881921 0.000000 -0.471397 0.812500 0.500000 153 150 151 255
1.411529 0.849999 0.207054 0.956940 0.000000 -0.290285 0.781250 1.000000 153 150 151 255
1.400000 0.849999 0.090000 0.995185 0.000000 -0.098017 0.750000 1.000000 153 150 151 255
1.411529 0.849999 -0.027054 0.995185 -0.000000 0.098017 0.718750 1.000000 153 150 151 255
1.445672 0.849999 -0.139610 0.956940 -0.000000 0.290285 0.687500 1.000000 153 150 151 255
1.501118 0.849999 -0.243342 0.881922 -0.000000 0.471396 0.656250 1.000000 153 150 151 255
1.575736 0.849999 -0.334264 0.773010 -0.000000 0.634394 0.625000 1.000000 153 150 151 255
1.666658 0.849999 -0.408882 0.634393 -0.000000 0.773010 0.593750 1.000000 153 150 151 255
1.770390 0.849999 -0.464328 0.471397 0.000000 0.881921 0.562500 1.000000 153 150 151 255
1.882946 0.849999 -0.498471 0.290285 0.000000 0.956940 0.531250 1.000000 153 150 151 255
2.000000 0.849999 -0.510000 0.098016 0.000000 0.995185 0.500000 1.000000 153 150 151 255
2.117054 0.849999 -0.498471 -0.098018 0.000000 0.995185 0.468750 1.000000 153 150 151 255
2.229610 0.849999 -0.464328 -0.290285 0.000000 0.956940 0.437500 1.000000 153 150 151 255
2.333343 0.849999 -0.408882 -0.471397 -0.000000 0.881921 0.406250 1.000000 153 150 151 255
2.424264 0.849999 -0.334264 -0.634394 -0.000000 0.773010 0.375000 1.000000 153 150 151 255
2.498882 0.849999 -0.243342 -0.773011 -0.000000 0.634392 0.343750 1.000000 153 150 151 255
2.554328 0.849999 -0.139610 -0.881922 -0.000000 0.471396 0.312500 1.000000 153 150 151 255
2.554328 0.849999 -0.139610 -0.956940 -0.000000 0.290285 0.312500 1.000000 153 150 151 255
2.588471 0.849999 -0.027054 -0.956940 -0.000000 0.290285 0.281250 1.000000 153 150 151 255
2.588471 1.849999 -0.027054 -0.956940 -0.000000 0.290285 0.281250 0.500000 153 150 151 255
2.600000 0.849999 0.090001 -0.995185 -0.000000 0.098014 0.250000 1.000000 153 150 151 255
2.588471 0.849999 0.207055 -0.995185 0.000000 -0.098018 0.218750 1.000000 152 148 149 255
2.554327 0.849999 0.319611 -0.956940 0.000000 -0.290285 0.187500 1.000000 153 148 150 255
2.498881 0.849999 0.423343 -0.881921 0.000000 -0.471398 0.156250 1.000000 153 150 151 255
2.424263 0.849999 0.514265 -0.773009 0.000000 -0.634394 0.125000 1.000000 153 150 151 255
2.333342 0.849999 0.588882 -0.634393 0.000000 -0.773011 0.093750 1.000000 153 150 151 255
2.333342 0.849999 0.588882 -0.471396 -0.000000 -0.881922 0.093750 1.000000 153 150 151 255
2.229609 0.849999 0.644328 -0.471396 -0.000000 -0.881922 0.062500 1.000000 153 150 151 255
2.229609 1.849999 0.644328 -0.471396 -0.000000 -0.881922 0.062500 0.500000 153 150 151 255
1.770390 0.849999 0.644328 0.000000 1.000000 0.000000 0.341844 0.471731 153 150 151 255
1.882946 0.849999 0.678471 0.000000 1.000000 0.000000 0.296822 0.485388 153 150 151 255
2.000000 0.849999 0.690000 0.000000 1.000000 0.000000 0.250000 0.490000 153 150 151 255
2.117053 0.849999 0.678471 0.000000 1.000000 -0.000000 0.203179 0.485389 153 150 151 255
2.229609 0.849999 0.644328 0.000000 1.000000 -0.000000 0.158156 0.471731 153 150 151 255
2.333342 0.849999 0.588882 0.000000 1.000000 0.000000 0.116663 0.449553 153 150 151 255
2.424263 0.849999 0.514265 0.000000 1.000000 0.000000 0.080295 0.419706 153 150 151 255
2.498881 0.849999 0.423343 0.000000 1.000000 0.000000 0.050447 0.383337 153 150 151 255
2.588471 0.849999 0.207055 0.000000 1.000000 0.000000 0.014612 0.296822 152 148 149 255
2.600000 0.849999 0.090001 0.000000 1.000000 0.000000 0.010000 0.250000 153 150 151 255
2.588471 0.849999 -0.027054 -0.000000 1.000000 0.000000 0.014611 0.203179 153 150 151 255
2.554328 0.849999 -0.139610 -0.000000 1.000000 0.000000 0.028269 0.158156 153 150 151 255
2.498882 0.849999 -0.243342 0.000000 1.000000 0.000000 0.050447 0.116663 153 150 151 255
2.424264 0.849999 -0.334264 0.000000 1.000000 0.000000 0.080294 0.080294 153 150 151 255
2.333343 0.849999 -0.408882 0.000000 1.000000 0.000000 0.116663 0.050447 153 150 151 255
2.117054 0.849999 -0.498471 0.000000 1.000000 0.000000 0.203178 0.014612 153 150 151 255
2.000000 0.849999 -0.510000 0.000000 1.000000 0.000000 0.250000 0.010000 153 150 151 255
1.882946 0.849999 -0.498471 0.000000 1.000000 0.000000 0.296822 0.014612 153 150 151 255
1.770390 0.849999 -0.464328 0.000000 1.000000 0.000000 0.341844 0.028269 153 150 151 255
1.666658 0.849999 -0.408882 0.000000 1.000000 0.000000 0.383337 0.050447 153 150 151 255
1.575736 0.849999 -0.334264 0.000000 1.000000 0.000000 0.419706 0.080294 153 150 151 255
1.501118 0.849999 -0.243342 0.000000 1.000000 0.000000 0.449553 0.116663 153 150 151 255
1.411529 0.849999 -0.027054 0.000000 1.000000 0.000000 0.485388 0.203178 153 150 151 255
1.400000 0.849999 0.090000 0.000000 1.000000 0.000000 0.490000 0.250000 153 150 151 255
1.411529 0.849999 0.207054 0.000000 1.000000 0.000000 0.485388 0.296822 153 150 151 255
1.445672 0.849999 0.319610 0.000000 1.000000 -0.000000 0.471731 0.341844 153 150 151 255
1.501118 0.849999 0.423342 0.000000 1.000000 0.000000 0.449553 0.383337 153 150 151 255
1.575736 0.849999 0.514264 0.000000 1.000000 0.000000 0.419706 0.419706 153 150 151 255
1.666658 0.849999 0.588882 0.000000 1.000000 0.000000 0.383337 0.449553 153 150 151 255
2.117053 0.849999 0.678471 -0.290283 -0.000000 -0.956941 0.031250 1.000000 153 150 151 255
2.000000 0.849999 0.690000 -0.098017 -0.000000 -0.995185 0.000000 1.000000 153 150 151 255
2.117053 1.849999 0.678471 0.000000 -1.000000 0.000000 0.703179 0.485389 153 150 151 255
2.000000 1.849999 0.690000 0.000000 -1.000000 0.000000 0.750000 0.490000 153 150 151 255
1.882946 1.849999 0.678471 0.000000 -1.000000 0.000000 0.796822 0.485388 153 150 151 255
1.770390 1.849999 0.644328 0.000000 -1.000000 0.000000 0.841844 0.471731 153 150 151 255
1.666658 1.849999 0.588882 0.000000 -1.000000 0.000000 0.883337 0.449553 153 150 151 255
1.575736 1.849999 0.514264 0.000000 -1.000000 0.000000 0.919706 0.419706 153 150 151 255
1.501118 1.849999 0.423342 0.000000 -1.000000 0.000000 0.949553 0.383337 153 150 151 255
1.445672 1.849999 0.319610 -0.000000 -1.000000 0.000000 0.971731 0.341844 153 150 151 255
1.400000 1.849999 0.090000 0.000000 -1.000000 0.000000 0.990000 0.250000 153 150 151 255
1.411529 1.849999 -0.027054 0.000000 -1.000000 0.000000 0.985388 0.203178 153 150 151 255
1.445672 1.849999 -0.139610 -0.000000 -1.000000 -0.000000 0.971731 0.158156 153 150 151 255
1.501118 1.849999 -0.243342 -0.000000 -1.000000 -0.000000 0.949553 0.116663 153 150 151 255
1.575736 1.849999 -0.334264 0.000000 -1.000000 0.000000 0.919706 0.080294 153 150 151 255
1.666658 1.849999 -0.408882 0.000000 -1.000000 0.000000 0.883337 0.050447 153 150 151 255
1.770390 1.849999 -0.464328 0.000000 -1.000000 0.000000 0.841844 0.028269 153 150 151 255
2.000000 1.849999 -0.510000 -0.000000 -1.000000 0.000000 0.750000 0.010000 153 150 151 255
2.117054 1.849999 -0.498471 -0.000000 -1.000000 0.000000 0.703178 0.014612 153 150 151 255
2.229610 1.849999 -0.464328 0.000000 -1.000000 0.000000 0.658156 0.028269 153 150 151 255
2.333343 1.849999 -0.408882 0.000000 -1.000000 0.000000 0.616663 0.050447 153 150 151 255
2.424264 1.849999 -0.334264 0.000000 -1.000000 0.000000 0.580294 0.080294 153 150 151 255
2.498882 1.849999 -0.243342 0.000000 -1.000000 0.000000 0.550447 0.116663 153 150 151 255
2.554328 1.849999 -0.139610 0.000000 -1.000000 0.000000 0.528269 0.158156 153 150 151 255
2.600000 1.849999 0.090001 0.000000 -1.000000 -0.000000 0.510000 0.250000 153 150 151 255
2.588471 1.849999 0.207055 0.000000 -1.000000 -0.000000 0.514612 0.296822 154 148 149 255
2.554327 1.849999 0.319611 0.000000 -1.000000 0.000000 0.528269 0.341844 155 147 149 255
2.498881 1.849999 0.423343 0.000000 -1.000000 0.000000 0.550447 0.383337 153 149 150 255
2.424263 1.849999 0.514265 0.000000 -1.000000 0.000000 0.580295 0.419706 153 150 151 255
2.333342 1.849999 0.588882 0.000000 -1.000000 0.000000 0.616663 0.449553 153 150 151 255
2.229609 1.849999 0.644328 0.000000 -1.000000 0.000000 0.658156 0.471731 153 150 151 255
-1.402102 -0.617974 1.055968 0.003491 -0.000012 0.999994 1.000000 0.000000 228 170 43 255
-2.597898 0.586208 1.060157 0.003491 -0.000012 0.999994 0.000000 1.000000 228 170 43 255
-2.602087 -0.613785 1.060157 0.003491 -0.000012 0.999994 0.000000 0.000000 228 170 43 255
-1.397913 0.582019 1.055968 0.003491 -0.000012 0.999994 1.000000 1.000000 228 170 43 255
1.000000 1.000000 1.049905 0.000000 0.000000 1.000000 0.875000 0.500000 255 255 255 255
3.000000 -1.000000 1.049905 0.000000 0.000000 1.000000 0.625000 0.750000 251 247 248 255
3.000000 1.000000 1.049905 0.000000 0.000000 1.000000 0.625000 0.500000 251 247 248 255
3.000000 -1.000000 1.049905 0.000000 -1.000000 0.000000 0.625000 0.750000 251 247 248 255
1.000000 -1.000000 -0.950095 0.000000 -1.000000 0.000000 0.375000 1.000000 255 255 255 255
3.000000 -1.000000 -0.950095 0.000000 -1.000000 0.000000 0.375000 0.750000 255 255 255 255
1.000000 -1.000000 1.049905 -1.000000 0.000000 0.000000 0.625000 0.000000 252 250 250 255
1.000000 1.000000 -0.950095 -1.000000 0.000000 0.000000 0.375000 0.250000 255 255 255 255
1.000000 -1.000000 -0.950095 -1.000000 0.000000 0.000000 0.375000 0.000000 255 255 255 255
3.000000 1.000000 -0.950095 0.000000 0.000000 -1.000000 0.375000 0.500000 255 255 255 255
1.000000 -1.000000 -0.950095 0.000000 0.000000 -1.000000 0.125000 0.750000 255 255 255 255
1.000000 1.000000 -0.950095 0.000000 0.000000 -1.000000 0.125000 0.500000 255 255 255 255
3.000000 1.000000 1.049905 1.000000 0.000000 -0.000000 0.625000 0.500000 251 247 248 255
3.000000 -1.000000 -0.950095 1.000000 0.000000 -0.000000 0.375000 0.750000 255 255 255 255
3.000000 1.000000 -0.950095 1.000000 0.000000 -0.000000 0.375000 0.500000 255 255 255 255
1.000000 1.000000 1.049905 0.000000 1.000000 -0.000000 0.625000 0.250000 255 255 255 255
3.000000 1.000000 -0.950095 0.000000 1.000000 -0.000000 0.375000 0.500000 255 255 255 255
1.000000 1.000000 -0.950095 0.000000 1.000000 -0.000000 0.375000 0.250000 255 255 255 255
1.000000 -1.000000 1.049905 0.000000 -0.000000 1.000000 0.875000 0.750000 252 250 250 255
1.000000 -1.000000 1.049905 0.000000 -1.000000 0.000000 0.625000 1.000000 252 250 250 255
1.000000 1.000000 1.049905 -1.000000 0.000000 0.000000 0.625000 0.250000 255 255 255 255
3.000000 -1.000000 -0.950095 0.000000 0.000000 -1.000000 0.375000 0.750000 255 255 255 255
3.000000 -1.000000 1.049905 1.000000 0.000000 0.000000 0.625000 0.750000 251 247 248 255
3.000000 1.000000 1.049905 0.000000 1.000000 -0.000000 0.625000 0.500000 251 247 248 255
2.000000 1.260000 0.390000 0.098017 0.000000 0.995185 1.000000 1.000000 172 171 172 255
2.058527 1.860000 0.384236 0.098017 0.000000 0.995185 0.968750 0.500000 113 111 112 255
2.000000 1.860000 0.390000 0.098017 0.000000 0.995185 1.000000 0.500000 113 111 112 255
2.058527 1.260000 0.384236 0.290284 0.000000 0.956940 0.968750 1.000000 171 169 170 255
2.114805 1.860000 0.367164 0.290284 0.000000 0.956940 0.937500 0.500000 113 111 112 255
2.058527 1.860000 0.384236 0.290284 0.000000 0.956940 0.968750 0.500000 113 111 112 255
2.114805 1.260000 0.367164 0.471396 0.000000 0.881921 0.937500 1.000000 168 168 168 255
2.166671 1.860000 0.339441 0.471396 0.000000 0.881921 0.906250 0.500000 113 111 112 255
2.114805 1.860000 0.367164 0.471396 0.000000 0.881921 0.937500 0.500000 113 111 112 255
2.166671 1.260000 0.339441 0.634393 -0.000000 0.773010 0.906250 1.000000 169 167 168 255
2.212132 1.860000 0.302132 0.634393 -0.000000 0.773010 0.875000 0.500000 113 111 112 255
2.166671 1.860000 0.339441 0.634393 -0.000000 0.773010 0.906250 0.500000 113 111 112 255
2.212132 1.260000 0.302132 0.773010 -0.000000 0.634394 0.875000 1.000000 171 169 170 255
2.249441 1.860000 0.256671 0.773010 -0.000000 0.634394 0.843750 0.500000 113 111 112 255
2.212132 1.860000 0.302132 0.773010 -0.000000 0.634394 0.875000 0.500000 113 111 112 255
2.249441 1.260000 0.256671 0.881920 0.000000 0.471398 0.843750 1.000000 170 169 169 255
2.277164 1.860000 0.204805 0.881920 0.000000 0.471398 0.812500 0.500000 113 111 112 255
2.249441 1.860000 0.256671 0.881920 0.000000 0.471398 0.843750 0.500000 113 111 112 255
2.277164 1.260000 0.204805 0.956940 -0.000000 0.290285 0.812500 1.000000 170 168 169 255
2.294236 1.860000 0.148527 0.956940 -0.000000 0.290285 0.781250 0.500000 113 111 112 255
2.277164 1.860000 0.204805 0.956940 -0.000000 0.290285 0.812500 0.500000 113 111 112 255
2.294236 1.260000 0.148527 0.995185 -0.000000 0.098014 0.781250 1.000000 170 169 170 255
2.300000 1.860000 0.090000 0.995185 -0.000000 0.098014 0.750000 0.500000 113 111 112 255
2.294236 1.860000 0.148527 0.995185 -0.000000 0.098014 0.781250 0.500000 113 111 112 255
2.300000 1.260000 0.090000 0.995185 0.000000 -0.098014 0.750000 1.000000 169 168 169 255
2.294236 1.860000 0.031473 0.995185 0.000000 -0.098014 0.718750 0.500000 113 111 112 255
2.300000 1.860000 0.090000 0.995185 0.000000 -0.098014 0.750000 0.500000 113 111 112 255
2.294236 1.260000 0.031473 0.956940 0.000000 -0.290285 0.718750 1.000000 168 167 167 255
2.277164 1.860000 -0.024805 0.956940 0.000000 -0.290285 0.687500 0.500000 113 111 112 255
2.294236 1.860000 0.031473 0.956940 0.000000 -0.290285 0.718750 0.500000 113 111 112 255
2.277164 1.260000 -0.024805 0.881921 0.000000 -0.471398 0.687500 1.000000 165 164 164 255
2.249441 1.860000 -0.076671 0.881921 0.000000 -0.471398 0.656250 0.500000 113 111 112 255
2.277164 1.860000 -0.024805 0.881921 0.000000 -0.471398 0.687500 0.500000 113 111 112 255
2.249441 1.260000 -0.076671 0.773010 0.000000 -0.634394 0.656250 1.000000 163 162 163 255
2.212132 1.860000 -0.122132 0.773010 0.000000 -0.634394 0.625000 0.500000 113 111 112 255
2.249441 1.860000 -0.076671 0.773010 0.000000 -0.634394 0.656250 0.500000 113 111 112 255
2.212132 1.260000 -0.122132 0.634394 0.000000 -0.773010 0.625000 1.000000 159 159 159 255
2.166671 1.860000 -0.159441 0.634394 0.000000 -0.773010 0.593750 0.500000 113 111 112 255
2.212132 1.860000 -0.122132 0.634394 0.000000 -0.773010 0.625000 0.500000 113 111 112 255
2.166671 1.260000 -0.159441 0.471397 0.000000 -0.881921 0.593750 1.000000 159 157 158 255
2.114805 1.860000 -0.187164 0.471397 0.000000 -0.881921 0.562500 0.500000 113 111 112 255
2.166671 1.860000 -0.159441 0.471397 0.000000 -0.881921 0.593750 0.500000 113 111 112 255
2.114805 1.260000 -0.187164 0.290284 0.000000 -0.956940 0.562500 1.000000 156 154 155 255
2.058527 1.860000 -0.204236 0.290284 0.000000 -0.956940 0.531250 0.500000 113 111 112 255
2.114805 1.860000 -0.187164 0.290284 0.000000 -0.956940 0.562500 0.500000 113 111 112 255
2.058527 1.260000 -0.204236 0.098017 0.000000 -0.995185 0.531250 1.000000 154 153 153 255
2.000000 1.860000 -0.210000 0.098017 0.000000 -0.995185 0.500000 0.500000 113 111 112 255
2.058527 1.860000 -0.204236 0.098017 0.000000 -0.995185 0.531250 0.500000 113 111 112 255
2.000000 1.260000 -0.210000 -0.098018 0.000000 -0.995185 0.500000 1.000000 153 152 152 255
1.941473 1.860000 -0.204236 -0.098018 0.000000 -0.995185 0.468750 0.500000 113 111 112 255
2.000000 1.860000 -0.210000 -0.098018 0.000000 -0.995185 0.500000 0.500000 113 111 112 255
1.941473 1.260000 -0.204236 -0.290285 0.000000 -0.956940 0.468750 1.000000 154 153 153 255
1.885195 1.860000 -0.187164 -0.290285 0.000000 -0.956940 0.437500 0.500000 113 111 112 255
1.941473 1.860000 -0.204236 -0.290285 0.000000 -0.956940 0.468750 0.500000 113 111 112 255
1.885195 1.260000 -0.187164 -0.471397 0.000000 -0.881921 0.437500 1.000000 155 153 154 255
1.833329 1.860000 -0.159441 -0.471397 0.000000 -0.881921 0.406250 0.500000 113 111 112 255
1.885195 1.860000 -0.187164 -0.471397 0.000000 -0.881921 0.437500 0.500000 113 111 112 255
1.833329 1.260000 -0.159441 -0.634394 0.000000 -0.773010 0.406250 1.000000 156 155 156 255
1.787868 1.860000 -0.122132 -0.634394 0.000000 -0.773010 0.375000 0.500000 113 111 112 255
1.833329 1.860000 -0.159441 -0.634394 0.000000 -0.773010 0.406250 0.500000 113 111 112 255
1.787868 1.260000 -0.122132 -0.773011 0.000000 -0.634392 0.375000 1.000000 158 157 158 255
1.750559 1.860000 -0.076671 -0.773011 0.000000 -0.634392 0.343750 0.500000 113 111 112 255
1.787868 1.860000 -0.122132 -0.773011 0.000000 -0.634392 0.375000 0.500000 113 111 112 255
1.750559 1.260000 -0.076671 -0.881922 0.000000 -0.471396 0.343750 1.000000 161 160 161 255
1.722836 1.860000 -0.024805 -0.881922 0.000000 -0.471396 0.312500 0.500000 113 111 112 255
1.750559 1.860000 -0.076671 -0.881922 0.000000 -0.471396 0.343750 0.500000 113 111 112 255
1.722836 1.260000 -0.024805 -0.956940 0.000000 -0.290284 0.312500 1.000000 163 162 163 255
1.705764 1.860000 0.031473 -0.956940 0.000000 -0.290284 0.281250 0.500000 113 111 112 255
1.722836 1.860000 -0.024805 -0.956940 0.000000 -0.290284 0.312500 0.500000 113 111 112 255
1.705764 1.260000 0.031473 -0.995185 0.000000 -0.098014 0.281250 1.000000 167 165 166 255
1.700000 1.860000 0.090000 -0.995185 0.000000 -0.098014 0.250000 0.500000 113 111 112 255
1.705764 1.860000 0.031473 -0.995185 0.000000 -0.098014 0.281250 0.500000 113 111 112 255
1.700000 1.260000 0.090000 -0.995185 -0.000000 0.098018 0.250000 1.000000 169 168 169 255
1.705765 1.860000 0.148527 -0.995185 -0.000000 0.098018 0.218750 0.500000 113 111 112 255
1.700000 1.860000 0.090000 -0.995185 -0.000000 0.098018 0.250000 0.500000 113 111 112 255
1.705765 1.260000 0.148527 -0.956940 -0.000000 0.290285 0.218750 1.000000 173 172 172 255
1.722836 1.860000 0.204805 -0.956940 -0.000000 0.290285 0.187500 0.500000 113 111 112 255
1.705765 1.860000 0.148527 -0.956940 -0.000000 0.290285 0.218750 0.500000 113 111 112 255
1.722836 1.260000 0.204805 -0.881920 -0.000000 0.471398 0.187500 1.000000 174 173 174 255
1.750559 1.860000 0.256671 -0.881920 -0.000000 0.471398 0.156250 0.500000 113 111 112 255
1.722836 1.860000 0.204805 -0.881920 -0.000000 0.471398 0.187500 0.500000 113 111 112 255
1.750559 1.260000 0.256671 -0.773009 -0.000000 0.634395 0.156250 1.000000 175 174 174 255
1.787868 1.860000 0.302132 -0.773009 -0.000000 0.634395 0.125000 0.500000 113 111 112 255
1.750559 1.860000 0.256671 -0.773009 -0.000000 0.634395 0.156250 0.500000 113 111 112 255
1.787868 1.260000 0.302132 -0.634393 0.000000 0.773011 0.125000 1.000000 176 175 176 255
1.833329 1.860000 0.339441 -0.634393 0.000000 0.773011 0.093750 0.500000 113 111 112 255
1.787868 1.860000 0.302132 -0.634393 0.000000 0.773011 0.125000 0.500000 113 111 112 255
1.833329 1.260000 0.339441 -0.471395 0.000000 0.881922 0.093750 1.000000 173 171 172 255
1.885195 1.860000 0.367164 -0.471395 0.000000 0.881922 0.062500 0.500000 113 111 112 255
1.833329 1.860000 0.339441 -0.471395 0.000000 0.881922 0.093750 0.500000 113 111 112 255
2.000000 1.260000 0.390000 0.000000 1.000000 -0.000000 0.250000 0.490000 172 171 172 255
2.300000 1.260000 0.090000 0.000000 1.000000 -0.000000 0.490000 0.250000 169 168 169 255
2.000000 1.260000 -0.210000 0.000000 1.000000 -0.000000 0.250000 0.010000 153 152 152 255
1.885195 1.260000 0.367164 -0.290283 0.000000 0.956941 0.062500 1.000000 172 171 172 255
1.941473 1.860000 0.384236 -0.290283 0.000000 0.956941 0.031250 0.500000 113 111 112 255
1.885195 1.860000 0.367164 -0.290283 0.000000 0.956941 0.062500 0.500000 113 111 112 255
1.941473 1.260000 0.384236 -0.098017 0.000000 0.995185 0.031250 1.000000 173 172 172 255
2.000000 1.860000 0.390000 -0.098017 0.000000 0.995185 0.000000 0.500000 113 111 112 255
1.941473 1.860000 0.384236 -0.098017 0.000000 0.995185 0.031250 0.500000 113 111 112 255
2.294236 1.860000 0.148527 -0.000000 1.000000 0.000000 0.985388 0.296822 113 111 112 255
2.058527 1.860000 -0.204236 -0.000000 1.000000 0.000000 0.796822 0.014612 113 111 112 255
1.705764 1.860000 0.031473 -0.000000 1.000000 0.000000 0.514611 0.203179 113 111 112 255
2.058527 1.260000 0.384236 0.098017 0.000000 0.995185 0.968750 1.000000 171 169 170 255
2.114805 1.260000 0.367164 0.290284 0.000000 0.956940 0.937500 1.000000 168 168 168 255
2.114805 1.260000 0.367164 0.471397 -0.000000 0.881921 0.937500 1.000000 168 168 168 255
2.166671 1.260000 0.339441 0.471397 -0.000000 0.881921 0.906250 1.000000 169 167 168 255
2.166671 1.860000 0.339441 0.471397 -0.000000 0.881921 0.906250 0.500000 113 111 112 255
2.166671 1.260000 0.339441 0.634394 -0.000000 0.773010 0.906250 1.000000 169 167 168 255
2.212132 1.260000 0.302132 0.634394 -0.000000 0.773010 0.875000 1.000000 171 169 170 255
2.212132 1.860000 0.302132 0.634394 -0.000000 0.773010 0.875000 0.500000 113 111 112 255
2.249441 1.260000 0.256671 0.773010 0.000000 0.634394 0.843750 1.000000 170 169 169 255
2.249441 1.260000 0.256671 0.881921 -0.000000 0.471398 0.843750 1.000000 170 169 169 255
2.277164 1.260000 0.204805 0.881921 -0.000000 0.471398 0.812500 1.000000 170 168 169 255
2.277164 1.860000 0.204805 0.881921 -0.000000 0.471398 0.812500 0.500000 113 111 112 255
2.294236 1.260000 0.148527 0.956940 -0.000000 0.290285 0.781250 1.000000 170 169 170 255
2.300000 1.260000 0.090000 0.995185 -0.000000 0.098014 0.750000 1.000000 169 168 169 255
2.294236 1.260000 0.031473 0.995185 0.000000 -0.098014 0.718750 1.000000 168 167 167 255
2.277164 1.260000 -0.024805 0.956940 0.000000 -0.290285 0.687500 1.000000 165 164 164 255
2.249441 1.260000 -0.076671 0.881921 0.000000 -0.471398 0.656250 1.000000 163 162 163 255
2.212132 1.260000 -0.122132 0.773010 0.000000 -0.634394 0.625000 1.000000 159 159 159 255
2.166671 1.260000 -0.159441 0.634394 0.000000 -0.773010 0.593750 1.000000 159 157 158 255
2.114805 1.260000 -0.187164 0.471397 0.000000 -0.881921 0.562500 1.000000 156 154 155 255
2.058527 1.260000 -0.204236 0.290284 0.000000 -0.956940 0.531250 1.000000 154 153 153 255
2.000000 1.260000 -0.210000 0.098017 0.000000 -0.995185 0.500000 1.000000 153 152 152 255
1.941473 1.260000 -0.204236 -0.098018 -0.000000 -0.995185 0.468750 1.000000 154 153 153 255
1.885195 1.260000 -0.187164 -0.290285 -0.000000 -0.956940 0.437500 1.000000 155 153 154 255
1.833329 1.260000 -0.159441 -0.471397 0.000000 -0.881921 0.406250 1.000000 156 155 156 255
1.787868 1.260000 -0.122132 -0.634394 0.000000 -0.773010 0.375000 1.000000 158 157 158 255
1.750559 1.260000 -0.076671 -0.773011 0.000000 -0.634392 0.343750 1.000000 161 160 161 255
1.722836 1.260000 -0.024805 -0.881922 0.000000 -0.471396 0.312500 1.000000 163 162 163 255
1.705764 1.260000 0.031473 -0.956940 0.000000 -0.290284 0.281250 1.000000 167 165 166 255
1.700000 1.260000 0.090000 -0.995185 0.000000 -0.098014 0.250000 1.000000 169 168 169 255
1.705765 1.260000 0.148527 -0.995185 -0.000000 0.098018 0.218750 1.000000 173 172 172 255
1.722836 1.260000 0.204805 -0.956940 -0.000000 0.290285 0.187500 1.000000 174 173 174 255
1.750559 1.260000 0.256671 -0.881920 -0.000000 0.471398 0.156250 1.000000 175 174 174 255
1.750559 1.260000 0.256671 -0.773010 0.000000 0.634394 0.156250 1.000000 175 174 174 255
1.787868 1.260000 0.302132 -0.773010 0.000000 0.634394 0.125000 1.000000 176 175 176 255
1.787868 1.860000 0.302132 -0.773010 0.000000 0.634394 0.125000 0.500000 113 111 112 255
1.833329 1.260000 0.339441 -0.634393 0.000000 0.773011 0.093750 1.000000 173 171 172 255
1.885195 1.260000 0.367164 -0.471395 0.000000 0.881922 0.062500 1.000000 172 171 172 255
2.058527 1.260000 0.384236 0.000000 1.000000 0.000000 0.296822 0.485388 171 169 170 255
2.212132 1.260000 0.302132 0.000000 1.000000 0.000000 0.419706 0.419706 171 169 170 255
2.114805 1.260000 0.367164 0.000000 1.000000 0.000000 0.341844 0.471731 168 168 168 255
2.166671 1.260000 0.339441 0.000000 1.000000 0.000000 0.383337 0.449553 169 167 168 255
2.249441 1.260000 0.256671 0.000000 1.000000 0.000000 0.449553 0.383337 170 169 169 255
2.277164 1.260000 0.204805 0.000000 1.000000 0.000000 0.471731 0.341844 170 168 169 255
2.294236 1.260000 0.148527 -0.000000 1.000000 -0.000000 0.485388 0.296822 170 169 170 255
2.294236 1.260000 0.031473 0.000000 1.000000 0.000000 0.485388 0.203178 168 167 167 255
2.277164 1.260000 -0.024805 0.000000 1.000000 0.000000 0.471731 0.158156 165 164 164 255
2.249441 1.260000 -0.076671 0.000000 1.000000 0.000000 0.449553 0.116663 163 162 163 255
2.212132 1.260000 -0.122132 0.000000 1.000000 0.000000 0.419706 0.080294 159 159 159 255
2.166671 1.260000 -0.159441 0.000000 1.000000 0.000000 0.383337 0.050447 159 157 158 255
2.114805 1.260000 -0.187164 0.000000 1.000000 0.000000 0.341844 0.028269 156 154 155 255
2.058527 1.260000 -0.204236 -0.000000 1.000000 0.000000 0.296822 0.014612 154 153 153 255
1.941473 1.260000 -0.204236 0.000000 1.000000 0.000000 0.203178 0.014612 154 153 153 255
1.885195 1.260000 -0.187164 0.000000 1.000000 0.000000 0.158156 0.028269 155 153 154 255
1.833329 1.260000 -0.159441 0.000000 1.000000 0.000000 0.116663 0.050447 156 155 156 255
1.787868 1.260000 -0.122132 0.000000 1.000000 0.000000 0.080294 0.080294 158 157 158 255
1.750559 1.260000 -0.076671 0.000000 1.000000 0.000000 0.050447 0.116663 161 160 161 255
1.722836 1.260000 -0.024805 0.000000 1.000000 0.000000 0.028269 0.158156 163 162 163 255
1.705764 1.260000 0.031473 0.000000 1.000000 0.000000 0.014611 0.203179 167 165 166 255
1.700000 1.260000 0.090000 0.000000 1.000000 0.000000 0.010000 0.250000 169 168 169 255
1.705765 1.260000 0.148527 0.000000 1.000000 0.000000 0.014612 0.296822 173 172 172 255
1.722836 1.260000 0.204805 0.000000 1.000000 0.000000 0.028269 0.341844 174 173 174 255
1.750559 1.260000 0.256671 0.000000 1.000000 0.000000 0.050447 0.383337 175 174 174 255
1.787868 1.260000 0.302132 0.000000 1.000000 0.000000 0.080295 0.419706 176 175 176 255
1.833329 1.260000 0.339441 0.000000 1.000000 0.000000 0.116663 0.449553 173 171 172 255
1.885195 1.260000 0.367164 0.000000 1.000000 0.000000 0.158156 0.471731 172 171 172 255
1.941473 1.260000 0.384236 0.000000 1.000000 -0.000000 0.203179 0.485389 173 172 172 255
1.941473 1.260000 0.384236 -0.290283 0.000000 0.956941 0.031250 1.000000 173 172 172 255
2.000000 1.260000 0.390000 -0.098017 0.000000 0.995185 0.000000 1.000000 172 171 172 255
1.941473 1.860000 0.384236 0.000000 1.000000 0.000000 0.703179 0.485389 113 111 112 255
2.000000 1.860000 0.390000 0.000000 1.000000 0.000000 0.750000 0.490000 113 111 112 255
2.058527 1.860000 0.384236 0.000000 1.000000 0.000000 0.796822 0.485388 113 111 112 255
2.114805 1.860000 0.367164 0.000000 1.000000 0.000000 0.841844 0.471731 113 111 112 255
2.166671 1.860000 0.339441 0.000000 1.000000 0.000000 0.883337 0.449553 113 111 112 255
2.212132 1.860000 0.302132 0.000000 1.000000 0.000000 0.919706 0.419706 113 111 112 255
2.249441 1.860000 0.256671 0.000000 1.000000 0.000000 0.949553 0.383337 113 111 112 255
2.277164 1.860000 0.204805 -0.000000 1.000000 -0.000000 0.971731 0.341844 113 111 112 255
2.300000 1.860000 0.090000 0.000000 1.000000 -0.000000 0.990000 0.250000 113 111 112 255
2.294236 1.860000 0.031473 0.000000 1.000000 -0.000000 0.985388 0.203178 113 111 112 255
2.277164 1.860000 -0.024805 -0.000000 1.000000 0.000000 0.971731 0.158156 113 111 112 255
2.249441 1.860000 -0.076671 -0.000000 1.000000 0.000000 0.949553 0.116663 113 111 112 255
2.212132 1.860000 -0.122132 0.000000 1.000000 0.000000 0.919706 0.080294 113 111 112 255
2.166671 1.860000 -0.159441 0.000000 1.000000 0.000000 0.883337 0.050447 113 111 112 255
2.114805 1.860000 -0.187164 0.000000 1.000000 0.000000 0.841844 0.028269 113 111 112 255
2.000000 1.860000 -0.210000 -0.000000 1.000000 0.000000 0.750000 0.010000 113 111 112 255
1.941473 1.860000 -0.204236 -0.000000 1.000000 0.000000 0.703178 0.014612 113 111 112 255
1.885195 1.860000 -0.187164 0.000000 1.000000 0.000000 0.658156 0.028269 113 111 112 255
1.833329 1.860000 -0.159441 0.000000 1.000000 0.000000 0.616663 0.050447 113 111 112 255
1.787868 1.860000 -0.122132 0.000000 1.000000 0.000000 0.580294 0.080294 113 111 112 255
1.750559 1.860000 -0.076671 0.000000 1.000000 0.000000 0.550447 0.116663 113 111 112 255
1.722836 1.860000 -0.024805 0.000000 1.000000 0.000000 0.528269 0.158156 113 111 112 255
1.700000 1.860000 0.090000 0.000000 1.000000 0.000000 0.510000 0.250000 113 111 112 255
1.705765 1.860000 0.148527 0.000000 1.000000 0.000000 0.514612 0.296822 113 111 112 255
1.722836 1.860000 0.204805 0.000000 1.000000 0.000000 0.528269 0.341844 113 111 112 255
1.750559 1.860000 0.256671 0.000000 1.000000 0.000000 0.550447 0.383337 113 111 112 255
1.787868 1.860000 0.302132 0.000000 1.000000 0.000000 0.580295 0.419706 113 111 112 255
1.833329 1.860000 0.339441 0.000000 1.000000 0.000000 0.616663 0.449553 113 111 112 255
1.885195 1.860000 0.367164 0.000000 1.000000 0.000000 0.658156 0.471731 113 111 112 255
-2.000000 0.849999 0.690000 0.098017 0.000000 -0.995185 1.000000 1.000000 153 150 151 255
-2.117054 1.849999 0.678471 0.098017 0.000000 -0.995185 0.968750 0.500000 153 150 151 255
-2.000000 1.849999 0.690000 0.098017 0.000000 -0.995185 1.000000 0.500000 153 150 151 255
-2.117054 0.849999 0.678471 0.290285 0.000000 -0.956940 0.968750 1.000000 153 150 151 255
-2.229610 1.849999 0.644328 0.290285 0.000000 -0.956940 0.937500 0.500000 153 150 151 255
-2.117054 1.849999 0.678471 0.290285 0.000000 -0.956940 0.968750 0.500000 153 150 151 255
-2.229610 0.849999 0.644328 0.471396 0.000000 -0.881921 0.937500 1.000000 153 150 151 255
-2.333342 1.849999 0.588882 0.471396 0.000000 -0.881921 0.906250 0.500000 153 150 151 255
-2.229610 1.849999 0.644328 0.471396 0.000000 -0.881921 0.937500 0.500000 153 150 151 255
-2.333342 0.849999 0.588882 0.634394 0.000000 -0.773010 0.906250 1.000000 153 150 151 255
-2.424264 1.849999 0.514264 0.634394 0.000000 -0.773010 0.875000 0.500000 153 150 151 255
-2.333342 1.849999 0.588882 0.634394 0.000000 -0.773010 0.906250 0.500000 153 150 151 255
-2.424264 0.849999 0.514264 0.773010 0.000000 -0.634394 0.875000 1.000000 153 150 151 255
-2.498882 1.849999 0.423342 0.773010 0.000000 -0.634394 0.843750 0.500000 153 150 151 255
-2.424264 1.849999 0.514264 0.773010 0.000000 -0.634394 0.875000 0.500000 153 150 151 255
-2.498882 0.849999 0.423342 0.881921 0.000000 -0.471396 0.843750 1.000000 153 150 151 255
-2.554328 1.849999 0.319610 0.881921 0.000000 -0.471396 0.812500 0.500000 153 150 151 255
-2.498882 1.849999 0.423342 0.881921 0.000000 -0.471396 0.843750 0.500000 153 150 151 255
-2.554328 0.849999 0.319610 0.956940 0.000000 -0.290285 0.812500 1.000000 153 150 151 255
-2.588471 1.849999 0.207054 0.956940 0.000000 -0.290285 0.781250 0.500000 153 150 151 255
-2.554328 1.849999 0.319610 0.956940 0.000000 -0.290285 0.812500 0.500000 153 150 151 255
-2.588471 0.849999 0.207054 0.995185 0.000000 -0.098016 0.781250 1.000000 153 150 151 255
-2.600000 1.849999 0.090000 0.995185 0.000000 -0.098016 0.750000 0.500000 153 150 151 255
-2.588471 1.849999 0.207054 0.995185 0.000000 -0.098016 0.781250 0.500000 153 150 151 255
-2.600000 0.849999 0.090000 0.995185 -0.000000 0.098016 0.750000 1.000000 153 150 151 255
-2.588471 1.849999 -0.027054 0.995185 -0.000000 0.098016 0.718750 0.500000 153 150 151 255
-2.600000 1.849999 0.090000 0.995185 -0.000000 0.098016 0.750000 0.500000 153 150 151 255
-2.588471 0.849999 -0.027054 0.956940 -0.000000 0.290285 0.718750 1.000000 153 150 151 255
-2.554328 1.849999 -0.139610 0.956940 -0.000000 0.290285 0.687500 0.500000 153 150 151 255
-2.588471 1.849999 -0.027054 0.956940 -0.000000 0.290285 0.718750 0.500000 153 150 151 255
-2.554328 0.849999 -0.139610 0.881922 -0.000000 0.471396 0.687500 1.000000 153 150 151 255
-2.498882 1.849999 -0.243342 0.881922 -0.000000 0.471396 0.656250 0.500000 153 150 151 255
-2.554328 1.849999 -0.139610 0.881922 -0.000000 0.471396 0.687500 0.500000 153 150 151 255
-2.498882 0.849999 -0.243342 0.773010 -0.000000 0.634394 0.656250 1.000000 153 150 151 255
-2.424264 1.849999 -0.334264 0.773010 -0.000000 0.634394 0.625000 0.500000 153 150 151 255
-2.498882 1.849999 -0.243342 0.773010 -0.000000 0.634394 0.656250 0.500000 153 150 151 255
-2.424264 0.849999 -0.334264 0.634394 -0.000000 0.773010 0.625000 1.000000 153 150 151 255
-2.333342 1.849999 -0.408882 0.634394 -0.000000 0.773010 0.593750 0.500000 153 150 151 255
-2.424264 1.849999 -0.334264 0.634394 -0.000000 0.773010 0.625000 0.500000 153 150 151 255
-2.333342 0.849999 -0.408882 0.471397 -0.000000 0.881921 0.593750 1.000000 153 150 151 255
-2.229610 1.849999 -0.464328 0.471397 -0.000000 0.881921 0.562500 0.500000 153 150 151 255
-2.333342 1.849999 -0.408882 0.471397 -0.000000 0.881921 0.593750 0.500000 153 150 151 255
-2.229610 0.849999 -0.464328 0.290284 0.000000 0.956940 0.562500 1.000000 153 150 151 255
-2.117054 1.849999 -0.498471 0.290284 0.000000 0.956940 0.531250 0.500000 153 150 151 255
-2.229610 1.849999 -0.464328 0.290284 0.000000 0.956940 0.562500 0.500000 153 150 151 255
-2.117054 0.849999 -0.498471 0.098017 0.000000 0.995185 0.531250 1.000000 153 150 151 255
-2.000000 1.849999 -0.510000 0.098017 0.000000 0.995185 0.500000 0.500000 153 150 151 255
-2.117054 1.849999 -0.498471 0.098017 0.000000 0.995185 0.531250 0.500000 153 150 151 255
-2.000000 0.849999 -0.510000 -0.098018 0.000000 0.995185 0.500000 1.000000 153 150 151 255
-1.882946 1.849999 -0.498471 -0.098018 0.000000 0.995185 0.468750 0.500000 153 150 151 255
-2.000000 1.849999 -0.510000 -0.098018 0.000000 0.995185 0.500000 0.500000 153 150 151 255
-1.882946 0.849999 -0.498471 -0.290285 0.000000 0.956940 0.468750 1.000000 153 150 151 255
-1.770390 1.849999 -0.464328 -0.290285 0.000000 0.956940 0.437500 0.500000 153 150 151 255
-1.882946 1.849999 -0.498471 -0.290285 0.000000 0.956940 0.468750 0.500000 153 150 151 255
-1.770390 0.849999 -0.464328 -0.471397 0.000000 0.881921 0.437500 1.000000 153 150 151 255
-1.666658 1.849999 -0.408882 -0.471397 0.000000 0.881921 0.406250 0.500000 153 150 151 255
-1.770390 1.849999 -0.464328 -0.471397 0.000000 0.881921 0.437500 0.500000 153 150 151 255
-1.666658 0.849999 -0.408882 -0.634393 -0.000000 0.773010 0.406250 1.000000 153 150 151 255
-1.575736 1.849999 -0.334264 -0.634393 -0.000000 0.773010 0.375000 0.500000 153 150 151 255
-1.666658 1.849999 -0.408882 -0.634393 -0.000000 0.773010 0.406250 0.500000 153 150 151 255
-1.575736 0.849999 -0.334264 -0.773011 -0.000000 0.634392 0.375000 1.000000 153 150 151 255
-1.501118 1.849999 -0.243342 -0.773011 -0.000000 0.634392 0.343750 0.500000 153 150 151 255
-1.575736 1.849999 -0.334264 -0.773011 -0.000000 0.634392 0.375000 0.500000 153 150 151 255
-1.501118 0.849999 -0.243342 -0.881922 -0.000000 0.471396 0.343750 1.000000 153 150 151 255
-1.445672 1.849999 -0.139610 -0.881922 -0.000000 0.471396 0.312500 0.500000 153 150 151 255
-1.501118 1.849999 -0.243342 -0.881922 -0.000000 0.471396 0.343750 0.500000 153 150 151 255
-1.445672 0.849999 -0.139610 -0.956941 -0.000000 0.290284 0.312500 1.000000 153 150 151 255
-1.411529 1.849999 -0.027054 -0.956941 -0.000000 0.290284 0.281250 0.500000 153 150 151 255
-1.445672 1.849999 -0.139610 -0.956941 -0.000000 0.290284 0.312500 0.500000 153 150 151 255
-1.411529 0.849999 -0.027054 -0.995185 -0.000000 0.098016 0.281250 1.000000 153 150 151 255
-1.400000 1.849999 0.090001 -0.995185 -0.000000 0.098016 0.250000 0.500000 153 150 151 255
-1.411529 1.849999 -0.027054 -0.995185 -0.000000 0.098016 0.281250 0.500000 153 150 151 255
-1.400000 0.849999 0.090001 -0.995185 0.000000 -0.098018 0.250000 1.000000 153 150 151 255
-1.411529 1.849999 0.207055 -0.995185 0.000000 -0.098018 0.218750 0.500000 154 148 149 255
-1.400000 1.849999 0.090001 -0.995185 0.000000 -0.098018 0.250000 0.500000 153 150 151 255
-1.411529 0.849999 0.207055 -0.956940 0.000000 -0.290286 0.218750 1.000000 152 148 149 255
-1.445673 1.849999 0.319611 -0.956940 0.000000 -0.290286 0.187500 0.500000 155 147 149 255
-1.411529 1.849999 0.207055 -0.956940 0.000000 -0.290286 0.218750 0.500000 154 148 149 255
-1.445673 0.849999 0.319611 -0.881921 0.000000 -0.471398 0.187500 1.000000 153 148 150 255
-1.501119 1.849999 0.423343 -0.881921 0.000000 -0.471398 0.156250 0.500000 153 149 150 255
-1.445673 1.849999 0.319611 -0.881921 0.000000 -0.471398 0.187500 0.500000 155 147 149 255
-1.501119 0.849999 0.423343 -0.773009 0.000000 -0.634394 0.156250 1.000000 153 150 151 255
-1.575737 1.849999 0.514265 -0.773009 0.000000 -0.634394 0.125000 0.500000 153 150 151 255
-1.501119 1.849999 0.423343 -0.773009 0.000000 -0.634394 0.156250 0.500000 153 149 150 255
-1.575737 0.849999 0.514265 -0.634393 0.000000 -0.773011 0.125000 1.000000 153 150 151 255
-1.666659 1.849999 0.588882 -0.634393 0.000000 -0.773011 0.093750 0.500000 153 150 151 255
-1.575737 1.849999 0.514265 -0.634393 0.000000 -0.773011 0.125000 0.500000 153 150 151 255
-1.666659 0.849999 0.588882 -0.471396 0.000000 -0.881922 0.093750 1.000000 153 150 151 255
-1.770391 1.849999 0.644328 -0.471396 0.000000 -0.881922 0.062500 0.500000 153 150 151 255
-1.666659 1.849999 0.588882 -0.471396 0.000000 -0.881922 0.093750 0.500000 153 150 151 255
-1.445673 0.849999 0.319611 -0.000000 1.000000 0.000000 0.028269 0.341844 153 148 150 255
-1.770390 0.849999 -0.464328 -0.000000 1.000000 0.000000 0.158156 0.028269 153 150 151 255
-2.554328 0.849999 -0.139610 -0.000000 1.000000 0.000000 0.471731 0.158156 153 150 151 255
-1.770391 0.849999 0.644328 -0.290283 0.000000 -0.956941 0.062500 1.000000 153 150 151 255
-1.882947 1.849999 0.678471 -0.290283 0.000000 -0.956941 0.031250 0.500000 153 150 151 255
-1.770391 1.849999 0.644328 -0.290283 0.000000 -0.956941 0.062500 0.500000 153 150 151 255
-1.882947 0.849999 0.678471 -0.098017 0.000000 -0.995185 0.031250 1.000000 153 150 151 255
-2.000000 1.849999 0.690000 -0.098017 0.000000 -0.995185 0.000000 0.500000 153 150 151 255
-1.882947 1.849999 0.678471 -0.098017 0.000000 -0.995185 0.031250 0.500000 153 150 151 255
-2.588471 1.849999 0.207054 -0.000000 -1.000000 0.000000 0.985388 0.296822 153 150 151 255
-2.117054 1.849999 -0.498471 -0.000000 -1.000000 0.000000 0.796822 0.014612 153 150 151 255
-1.411529 1.849999 -0.027054 -0.000000 -1.000000 0.000000 0.514611 0.203179 153 150 151 255
-2.117054 0.849999 0.678471 0.098017 0.000000 -0.995185 0.968750 1.000000 153 150 151 255
-2.229610 0.849999 0.644328 0.290285 0.000000 -0.956940 0.937500 1.000000 153 150 151 255
-2.229610 0.849999 0.644328 0.471397 0.000000 -0.881921 0.937500 1.000000 153 150 151 255
-2.333342 0.849999 0.588882 0.471397 0.000000 -0.881921 0.906250 1.000000 153 150 151 255
-2.333342 1.849999 0.588882 0.471397 0.000000 -0.881921 0.906250 0.500000 153 150 151 255
-2.333342 0.849999 0.588882 0.634393 0.000000 -0.773010 0.906250 1.000000 153 150 151 255
-2.424264 0.849999 0.514264 0.634393 0.000000 -0.773010 0.875000 1.000000 153 150 151 255
-2.424264 1.849999 0.514264 0.634393 0.000000 -0.773010 0.875000 0.500000 153 150 151 255
-2.498882 0.849999 0.423342 0.773010 0.000000 -0.634394 0.843750 1.000000 153 150 151 255
-2.498882 0.849999 0.423342 0.881921 0.000000 -0.471397 0.843750 1.000000 153 150 151 255
-2.554328 0.849999 0.319610 0.881921 0.000000 -0.471397 0.812500 1.000000 153 150 151 255
-2.554328 1.849999 0.319610 0.881921 0.000000 -0.471397 0.812500 0.500000 153 150 151 255
-2.588471 0.849999 0.207054 0.956940 0.000000 -0.290285 0.781250 1.000000 153 150 151 255
-2.600000 0.849999 0.090000 0.995185 0.000000 -0.098016 0.750000 1.000000 153 150 151 255
-2.588471 0.849999 -0.027054 0.995185 -0.000000 0.098016 0.718750 1.000000 153 150 151 255
-2.554328 0.849999 -0.139610 0.956940 -0.000000 0.290285 0.687500 1.000000 153 150 151 255
-2.498882 0.849999 -0.243342 0.881922 -0.000000 0.471396 0.656250 1.000000 153 150 151 255
-2.424264 0.849999 -0.334264 0.773010 -0.000000 0.634394 0.625000 1.000000 153 150 151 255
-2.333342 0.849999 -0.408882 0.634394 -0.000000 0.773010 0.593750 1.000000 153 150 151 255
-2.229610 0.849999 -0.464328 0.471397 0.000000 0.881921 0.562500 1.000000 153 150 151 255
-2.117054 0.849999 -0.498471 0.290284 0.000000 0.956940 0.531250 1.000000 153 150 151 255
-2.000000 0.849999 -0.510000 0.098017 0.000000 0.995185 0.500000 1.000000 153 150 151 255
-1.882946 0.849999 -0.498471 -0.098018 0.000000 0.995185 0.468750 1.000000 153 150 151 255
-1.770390 0.849999 -0.464328 -0.290285 0.000000 0.956940 0.437500 1.000000 153 150 151 255
-1.666658 0.849999 -0.408882 -0.471397 -0.000000 0.881921 0.406250 1.000000 153 150 151 255
-1.575736 0.849999 -0.334264 -0.634393 -0.000000 0.773010 0.375000 1.000000 153 150 151 255
-1.501118 0.849999 -0.243342 -0.773011 -0.000000 0.634392 0.343750 1.000000 153 150 151 255
-1.445672 0.849999 -0.139610 -0.881922 -0.000000 0.471396 0.312500 1.000000 153 150 151 255
-1.411529 0.849999 -0.027054 -0.956941 -0.000000 0.290284 0.281250 1.000000 153 150 151 255
-1.400000 0.849999 0.090001 -0.995185 -0.000000 0.098016 0.250000 1.000000 153 150 151 255
-1.411529 0.849999 0.207055 -0.995185 0.000000 -0.098018 0.218750 1.000000 152 148 149 255
-1.445673 0.849999 0.319611 -0.956940 0.000000 -0.290286 0.187500 1.000000 153 148 150 255
-1.501119 0.849999 0.423343 -0.881921 0.000000 -0.471398 0.156250 1.000000 153 150 151 255
-1.575737 0.849999 0.514265 -0.773009 0.000000 -0.634394 0.125000 1.000000 153 150 151 255
-1.666659 0.849999 0.588882 -0.634393 0.000000 -0.773011 0.093750 1.000000 153 150 151 255
-1.770391 0.849999 0.644328 -0.471396 -0.000000 -0.881922 0.062500 1.000000 153 150 151 255
-2.229610 0.849999 0.644328 0.000000 1.000000 0.000000 0.341844 0.471731 153 150 151 255
-2.117054 0.849999 0.678471 0.000000 1.000000 0.000000 0.296822 0.485388 153 150 151 255
-2.000000 0.849999 0.690000 0.000000 1.000000 0.000000 0.250000 0.490000 153 150 151 255
-1.882947 0.849999 0.678471 0.000000 1.000000 -0.000000 0.203179 0.485389 153 150 151 255
-1.770391 0.849999 0.644328 0.000000 1.000000 -0.000000 0.158156 0.471731 153 150 151 255
-1.666659 0.849999 0.588882 0.000000 1.000000 0.000000 0.116663 0.449553 153 150 151 255
-1.575737 0.849999 0.514265 0.000000 1.000000 0.000000 0.080295 0.419706 153 150 151 255
-1.501119 0.849999 0.423343 0.000000 1.000000 0.000000 0.050447 0.383337 153 150 151 255
-1.411529 0.849999 0.207055 0.000000 1.000000 0.000000 0.014612 0.296822 152 148 149 255
-1.400000 0.849999 0.090001 0.000000 1.000000 0.000000 0.010000 0.250000 153 150 151 255
-1.411529 0.849999 -0.027054 -0.000000 1.000000 0.000000 0.014611 0.203179 153 150 151 255
-1.445672 0.849999 -0.139610 -0.000000 1.000000 0.000000 0.028269 0.158156 153 150 151 255
-1.501118 0.849999 -0.243342 0.000000 1.000000 0.000000 0.050447 0.116663 153 150 151 255
-1.575736 0.849999 -0.334264 0.000000 1.000000 0.000000 0.080294 0.080294 153 150 151 255
-1.666658 0.849999 -0.408882 0.000000 1.000000 0.000000 0.116663 0.050447 153 150 151 255
-1.882946 0.849999 -0.498471 0.000000 1.000000 0.000000 0.203178 0.014612 153 150 151 255
-2.000000 0.849999 -0.510000 0.000000 1.000000 0.000000 0.250000 0.010000 153 150 151 255
-2.117054 0.849999 -0.498471 0.000000 1.000000 0.000000 0.296822 0.014612 153 150 151 255
-2.229610 0.849999 -0.464328 0.000000 1.000000 0.000000 0.341844 0.028269 153 150 151 255
-2.333342 0.849999 -0.408882 0.000000 1.000000 0.000000 0.383337 0.050447 153 150 151 255
-2.424264 0.849999 -0.334264 0.000000 1.000000 0.000000 0.419706 0.080294 153 150 151 255
-2.498882 0.849999 -0.243342 0.000000 1.000000 0.000000 0.449553 0.116663 153 150 151 255
-2.588471 0.849999 -0.027054 0.000000 1.000000 0.000000 0.485388 0.203178 153 150 151 255
-2.600000 0.849999 0.090000 0.000000 1.000000 0.000000 0.490000 0.250000 153 150 151 255
-2.588471 0.849999 0.207054 0.000000 1.000000 0.000000 0.485388 0.296822 153 150 151 255
-2.554328 0.849999 0.319610 0.000000 1.000000 -0.000000 0.471731 0.341844 153 150 151 255
-2.498882 0.849999 0.423342 0.000000 1.000000 0.000000 0.449553 0.383337 153 150 151 255
-2.424264 0.849999 0.514264 0.000000 1.000000 0.000000 0.419706 0.419706 153 150 151 255
-2.333342 0.849999 0.588882 0.000000 1.000000 0.000000 0.383337 0.449553 153 150 151 255
-1.882947 0.849999 0.678471 -0.290283 -0.000000 -0.956941 0.031250 1.000000 153 150 151 255
-2.000000 0.849999 0.690000 -0.098017 -0.000000 -0.995185 0.000000 1.000000 153 150 151 255
-1.882947 1.849999 0.678471 0.000000 -1.000000 0.000000 0.703179 0.485389 153 150 151 255
-2.000000 1.849999 0.690000 0.000000 -1.000000 0.000000 0.750000 0.490000 153 150 151 255
-2.117054 1.849999 0.678471 0.000000 -1.000000 0.000000 0.796822 0.485388 153 150 151 255
-2.229610 1.849999 0.644328 0.000000 -1.000000 0.000000 0.841844 0.471731 153 150 151 255
-2.333342 1.849999 0.588882 0.000000 -1.000000 0.000000 0.883337 0.449553 153 150 151 255
-2.424264 1.849999 0.514264 0.000000 -1.000000 0.000000 0.919706 0.419706 153 150 151 255
-2.498882 1.849999 0.423342 0.000000 -1.000000 0.000000 0.949553 0.383337 153 150 151 255
-2.554328 1.849999 0.319610 -0.000000 -1.000000 0.000000 0.971731 0.341844 153 150 151 255
-2.600000 1.849999 0.090000 0.000000 -1.000000 0.000000 0.990000 0.250000 153 150 151 255
-2.588471 1.849999 -0.027054 0.000000 -1.000000 0.000000 0.985388 0.203178 153 150 151 255
-2.554328 1.849999 -0.139610 -0.000000 -1.000000 -0.000000 0.971731 0.158156 153 150 151 255
-2.498882 1.849999 -0.243342 -0.000000 -1.000000 -0.000000 0.949553 0.116663 153 150 151 255
-2.424264 1.849999 -0.334264 0.000000 -1.000000 0.000000 0.919706 0.080294 153 150 151 255
-2.333342 1.849999 -0.408882 0.000000 -1.000000 0.000000 0.883337 0.050447 153 150 151 255
-2.229610 1.849999 -0.464328 0.000000 -1.000000 0.000000 0.841844 0.028269 153 150 151 255
-2.000000 1.849999 -0.510000 -0.000000 -1.000000 0.000000 0.750000 0.010000 153 150 151 255
-1.882946 1.849999 -0.498471 -0.000000 -1.000000 0.000000 0.703178 0.014612 153 150 151 255
-1.770390 1.849999 -0.464328 0.000000 -1.000000 0.000000 0.658156 0.028269 153 150 151 255
-1.666658 1.849999 -0.408882 0.000000 -1.000000 0.000000 0.616663 0.050447 153 150 151 255
-1.575736 1.849999 -0.334264 0.000000 -1.000000 0.000000 0.580294 0.080294 153 150 151 255
-1.501118 1.849999 -0.243342 0.000000 -1.000000 0.000000 0.550447 0.116663 153 150 151 255
-1.445672 1.849999 -0.139610 0.000000 -1.000000 0.000000 0.528269 0.158156 153 150 151 255
-1.400000 1.849999 0.090001 0.000000 -1.000000 -0.000000 0.510000 0.250000 153 150 151 255
-1.411529 1.849999 0.207055 0.000000 -1.000000 -0.000000 0.514612 0.296822 154 148 149 255
-1.445673 1.849999 0.319611 0.000000 -1.000000 0.000000 0.528269 0.341844 155 147 149 255
-1.501119 1.849999 0.423343 0.000000 -1.000000 0.000000 0.550447 0.383337 153 149 150 255
-1.575737 1.849999 0.514265 0.000000 -1.000000 0.000000 0.580295 0.419706 153 150 151 255
-1.666659 1.849999 0.588882 0.000000 -1.000000 0.000000 0.616663 0.449553 153 150 151 255
-1.770391 1.849999 0.644328 0.000000 -1.000000 0.000000 0.658156 0.471731 153 150 151 255
2.597898 -0.617974 1.055968 0.003491 -0.000012 0.999994 1.000000 0.000000 228 170 43 255
1.402102 0.586208 1.060157 0.003491 -0.000012 0.999994 0.000000 1.000000 228 170 43 255
1.397913 -0.613785 1.060157 0.003491 -0.000012 0.999994 0.000000 0.000000 228 170 43 255
2.602087 0.582019 1.055968 0.003491 -0.000012 0.999994 1.000000 1.000000 228 170 43 255
3 0 1 2
3 3 4 5
3 6 7 8
3 9 10 11
3 12 13 14
3 15 16 17
3 0 18 1
3 3 19 4
3 6 20 7
3 9 21 10
3 12 22 13
3 15 23 16
3 24 25 26
3 27 28 29
3 30 31 32
3 33 34 35
3 36 37 38
3 39 40 41
3 42 43 44
3 45 46 47
3 48 49 50
3 51 52 53
3 54 55 56
3 57 58 59
3 60 61 62
3 63 64 65
3 66 67 68
3 69 70 71
3 72 73 74
3 75 76 77
3 78 79 80
3 81 82 83
3 84 85 86
3 87 88 89
3 90 91 92
3 93 94 95
3 96 97 98
3 99 100 101
3 102 103 104
3 105 106 107
3 108 109 110
3 111 112 113
3 114 115 116
3 117 118 119
3 120 121 122
3 123 124 125
3 24 126 25
3 27 127 28
3 128 129 130
3 131 132 133
3 36 134 37
3 135 136 137
3 42 138 43
3 45 139 46
3 48 140 49
3 51 141 52
3 54 142 55
3 57 143 58
3 60 144 61
3 63 145 64
3 66 146 67
3 69 147 70
3 72 148 73
3 75 149 76
3 78 150 79
3 81 151 82
3 84 152 85
3 87 153 88
3 90 154 91
3 93 155 94
3 96 156 97
3 99 157 100
3 102 158 103
3 159 160 161
3 108 162 109
3 111 163 112
3 114 164 165
3 164 166 165
3 166 167 165
3 165 168 169
3 169 170 165
3 170 115 165
3 115 171 172
3 172 173 174
3 174 175 176
3 176 177 174
3 177 116 174
3 116 178 179
3 179 180 181
3 181 182 183
3 183 184 181
3 184 185 181
3 185 186 187
3 187 188 189
3 189 190 191
3 191 192 189
3 192 114 189
3 115 172 116
3 172 174 116
3 116 179 185
3 179 181 185
3 185 187 189
3 114 165 115
3 185 189 116
3 189 114 116
3 117 193 118
3 120 194 121
3 195 196 197
3 197 198 199
3 199 200 201
3 201 202 199
3 202 123 199
3 123 203 204
3 204 205 123
3 205 206 123
3 206 207 124
3 207 208 124
3 208 209 124
3 124 210 211
3 211 212 213
3 213 214 215
3 215 216 125
3 125 217 218
3 218 219 220
3 220 221 195
3 221 222 195
3 222 223 195
3 195 197 199
3 124 211 125
3 211 213 125
3 213 215 125
3 125 218 195
3 218 220 195
3 195 199 123
3 123 206 124
3 195 123 125
3 224 225 226
3 227 228 229
3 230 231 232
3 233 234 235
3 236 237 238
3 239 240 241
3 242 243 244
3 245 246 247
3 248 249 250
3 251 252 253
3 254 255 256
3 257 258 259
3 260 261 262
3 263 264 265
3 266 267 268
3 269 270 271
3 272 273 274
3 275 276 277
3 278 279 280
3 281 282 283
3 284 285 286
3 287 288 289
3 290 291 292
3 293 294 295
3 296 297 298
3 299 300 301
3 302 303 304
3 305 306 307
3 308 309 310
3 311 312 313
3 314 315 316
3 317 318 319
3 320 321 322
3 323 324 325
3 224 326 225
3 227 327 228
3 328 329 330
3 331 332 333
3 236 334 237
3 335 336 337
3 242 338 243
3 245 339 246
3 248 340 249
3 251 341 252
3 254 342 255
3 257 343 258
3 260 344 261
3 263 345 264
3 266 346 267
3 269 347 270
3 272 348 273
3 275 349 276
3 278 350 279
3 281 351 282
3 284 352 285
3 287 353 288
3 354 355 356
3 293 357 294
3 296 358 297
3 299 359 300
3 302 360 303
3 305 361 306
3 308 362 309
3 363 364 365
3 366 367 368
3 368 369 366
3 369 370 366
3 370 371 372
3 372 373 314
3 314 374 375
3 375 376 314
3 376 377 314
3 377 378 315
3 378 379 315
3 379 380 315
3 315 381 382
3 382 383 384
3 384 385 386
3 386 387 316
3 316 388 389
3 389 390 316
3 390 391 316
3 391 392 393
3 393 394 366
3 370 372 366
3 372 314 366
3 315 382 316
3 382 384 316
3 384 386 316
3 391 393 316
3 393 366 316
3 314 377 315
3 366 314 316
3 317 395 318
3 320 396 321
3 397 398 399
3 399 400 401
3 401 402 403
3 403 404 401
3 404 323 401
3 323 405 406
3 406 407 323
3 407 408 323
3 408 409 324
3 409 410 324
3 410 411 324
3 324 412 413
3 413 414 415
3 415 416 417
3 417 418 325
3 325 419 420
3 420 421 422
3 422 423 397
3 423 424 397
3 424 425 397
3 397 399 401
3 324 413 325
3 413 415 325
3 415 417 325
3 325 420 397
3 420 422 397
3 397 401 323
3 323 408 324
3 397 323 325
3 426 427 428
3 426 429 427
3 430 431 432
3 433 434 435
3 436 437 438
3 439 440 441
3 442 443 444
3 445 446 447
3 430 448 431
3 433 449 434
3 436 450 437
3 439 451 440
3 442 452 443
3 445 453 446
3 454 455 456
3 457 458 459
3 460 461 462
3 463 464 465
3 466 467 468
3 469 470 471
3 472 473 474
3 475 476 477
3 478 479 480
3 481 482 483
3 484 485 486
3 487 488 489
3 490 491 492
3 493 494 495
3 496 497 498
3 499 500 501
3 502 503 504
3 505 506 507
3 508 509 510
3 511 512 513
3 514 515 516
3 517 518 519
3 520 521 522
3 523 524 525
3 526 527 528
3 529 530 531
3 532 533 534
3 535 536 537
3 538 539 540
3 541 542 543
3 544 545 546
3 547 548 549
3 550 551 552
3 553 554 555
3 454 556 455
3 457 557 458
3 558 559 560
3 561 562 563
3 466 564 467
3 565 566 567
3 472 568 473
3 475 569 476
3 478 570 479
3 481 571 482
3 484 572 485
3 487 573 488
3 490 574 491
3 493 575 494
3 496 576 497
3 499 577 500
3 502 578 503
3 505 579 506
3 508 580 509
3 511 581 512
3 514 582 515
3 517 583 518
3 520 584 521
3 523 585 524
3 526 586 527
3 529 587 530
3 532 588 533
3 589 590 591
3 538 592 539
3 541 593 542
3 544 594 595
3 594 596 595
3 596 597 595
3 595 598 599
3 599 600 595
3 600 545 595
3 545 601 602
3 602 603 604
3 604 605 606
3 606 607 604
3 607 546 604
3 546 608 609
3 609 610 611
3 611 612 613
3 613 614 611
3 614 615 611
3 615 616 617
3 617 618 619
3 619 620 621
3 621 622 619
3 622 544 619
3 545 602 546
3 602 604 546
3 546 609 615
3 609 611 615
3 615 617 619
3 544 595 545
3 615 619 546
3 619 544 546
3 547 623 548
3 550 624 551
3 625 626 627
3 627 628 629
3 629 630 631
3 631 632 629
3 632 553 629
3 553 633 634
3 634 635 553
3 635 636 553
3 636 637 554
3 637 638 554
3 638 639 554
3 554 640 641
3 641 642 643
3 643 644 645
3 645 646 555
3 555 647 648
3 648 649 650
3 650 651 625
3 651 652 625
3 652 653 625
3 625 627 629
3 554 641 555
3 641 643 555
3 643 645 555
3 555 648 625
3 648 650 625
3 625 629 553
3 553 636 554
3 625 553 555
3 654 655 656
3 657 658 659
3 660 661 662
3 663 664 665
3 666 667 668
3 669 670 671
3 672 673 674
3 675 676 677
3 678 679 680
3 681 682 683
3 684 685 686
3 687 688 689
3 690 691 692
3 693 694 695
3 696 697 698
3 699 700 701
3 702 703 704
3 705 706 707
3 708 709 710
3 711 712 713
3 714 715 716
3 717 718 719
3 720 721 722
3 723 724 725
3 726 727 728
3 729 730 731
3 732 733 734
3 735 736 737
3 738 739 740
3 741 742 743
3 744 745 746
3 747 748 749
3 750 751 752
3 753 754 755
3 654 756 655
3 657 757 658
3 758 759 760
3 761 762 763
3 666 764 667
3 765 766 767
3 672 768 673
3 675 769 676
3 678 770 679
3 681 771 682
3 684 772 685
3 687 773 688
3 690 774 691
3 693 775 694
3 696 776 697
3 699 777 700
3 702 778 703
3 705 779 706
3 708 780 709
3 711 781 712
3 714 782 715
3 717 783 718
3 720 784 721
3 723 785 724
3 726 786 727
3 729 787 730
3 732 788 733
3 735 789 736
3 738 790 739
3 741 791 742
3 792 793 794
3 794 795 792
3 795 796 792
3 796 797 798
3 798 799 744
3 744 800 801
3 801 802 744
3 802 803 744
3 803 804 745
3 804 805 745
3 805 806 745
3 745 807 808
3 808 809 810
3 810 811 812
3 812 813 746
3 746 814 815
3 815 816 746
3 816 817 746
3 817 818 819
3 819 820 792
3 796 798 792
3 798 744 792
3 745 808 746
3 808 810 746
3 810 812 746
3 817 819 746
3 819 792 746
3 744 803 745
3 792 744 746
3 747 821 748
3 750 822 751
3 823 824 825
3 825 826 827
3 827 828 829
3 829 830 827
3 830 753 827
3 753 831 832
3 832 833 753
3 833 834 753
3 834 835 754
3 835 836 754
3 836 837 754
3 754 838 839
3 839 840 841
3 841 842 843
3 843 844 755
3 755 845 846
3 846 847 848
3 848 849 823
3 849 850 823
3 850 851 823
3 823 825 827
3 754 839 755
3 839 841 755
3 841 843 755
3 755 846 823
3 846 848 823
3 823 827 753
3 753 834 754
3 823 753 755
3 852 853 854
3 852 855 853
