//right
-3.000000 1.000000 1.049905 0.000000 0.000000 1.000000 0.875000 0.500000 255 255 255 255
-1.000000 -1.000000 1.049905 0.000000 0.000000 1.000000 0.625000 0.750000 251 247 248 255
-1.000000 1.000000 1.049905 0.000000 0.000000 1.000000 0.625000 0.500000 251 247 248 255
-1.000000 -1.000000 1.049905 0.000000 -1.000000 0.000000 0.625000 0.750000 251 247 248 255
-3.000000 -1.000000 -0.950095 0.000000 -1.000000 0.000000 0.375000 1.000000 255 255 255 255
-1.000000 -1.000000 -0.950095 0.000000 -1.000000 0.000000 0.375000 0.750000 255 255 255 255
-3.000000 -1.000000 1.049905 -1.000000 0.000000 0.000000 0.625000 0.000000 252 250 250 255
-3.000000 1.000000 -0.950095 -1.000000 0.000000 0.000000 0.375000 0.250000 255 255 255 255
-3.000000 -1.000000 -0.950095 -1.000000 0.000000 0.000000 0.375000 0.000000 255 255 255 255
-1.000000 1.000000 -0.950095 0.000000 0.000000 -1.000000 0.375000 0.500000 255 255 255 255
-3.000000 -1.000000 -0.950095 0.000000 0.000000 -1.000000 0.125000 0.750000 255 255 255 255
-3.000000 1.000000 -0.950095 0.000000 0.000000 -1.000000 0.125000 0.500000 255 255 255 255
-1.000000 1.000000 1.049905 1.000000 0.000000 -0.000000 0.625000 0.500000 251 247 248 255
-1.000000 -1.000000 -0.950095 1.000000 0.000000 -0.000000 0.375000 0.750000 255 255 255 255
-1.000000 1.000000 -0.950095 1.000000 0.000000 -0.000000 0.375000 0.500000 255 255 255 255
-3.000000 1.000000 1.049905 0.000000 1.000000 -0.000000 0.625000 0.250000 255 255 255 255
-1.000000 1.000000 -0.950095 0.000000 1.000000 -0.000000 0.375000 0.500000 255 255 255 255
-3.000000 1.000000 -0.950095 0.000000 1.000000 -0.000000 0.375000 0.250000 255 255 255 255
-3.000000 -1.000000 1.049905 0.000000 -0.000000 1.000000 0.875000 0.750000 252 250 250 255
-3.000000 -1.000000 1.049905 0.000000 -1.000000 0.000000 0.625000 1.000000 252 250 250 255
-3.000000 1.000000 1.049905 -1.000000 0.000000 0.000000 0.625000 0.250000 255 255 255 255
-1.000000 -1.000000 -0.950095 0.000000 0.000000 -1.000000 0.375000 0.750000 255 255 255 255
-1.000000 -1.000000 1.049905 1.000000 0.000000 0.000000 0.625000 0.750000 251 247 248 255
-1.000000 1.000000 1.049905 0.000000 1.000000 -0.000000 0.625000 0.500000 251 247 248 255
-2.000000 1.260000 0.390000 0.098017 0.000000 0.995185 1.000000 1.000000 247 247 247 255
-1.941473 1.860000 0.384236 0.098017 0.000000 0.995185 0.968750 0.500000 128 126 127 255
-2.000000 1.860000 0.390000 0.098017 0.000000 0.995185 1.000000 0.500000 132 131 131 255
-1.941473 1.260000 0.384236 0.290285 0.000000 0.956940 0.968750 1.000000 246 246 246 255
-1.885195 1.860000 0.367164 0.290285 0.000000 0.956940 0.937500 0.500000 124 122 123 255
-1.941473 1.860000 0.384236 0.290285 0.000000 0.956940 0.968750 0.500000 128 126 127 255
-1.885195 1.260000 0.367164 0.471396 0.000000 0.881921 0.937500 1.000000 245 245 245 255
-1.833329 1.860000 0.339441 0.471396 0.000000 0.881921 0.906250 0.500000 121 119 120 255
-1.885195 1.860000 0.367164 0.471396 0.000000 0.881921 0.937500 0.500000 124 122 123 255
-1.833329 1.260000 0.339441 0.634393 -0.000000 0.773010 0.906250 1.000000 242 242 242 255
-1.787868 1.860000 0.302132 0.634393 -0.000000 0.773010 0.875000 0.500000 118 116 117 255
-1.833329 1.860000 0.339441 0.634393 -0.000000 0.773010 0.906250 0.500000 121 119 120 255
-1.787868 1.260000 0.302132 0.773010 -0.000000 0.634394 0.875000 1.000000 241 240 241 255
-1.750559 1.860000 0.256671 0.773010 -0.000000 0.634394 0.843750 0.500000 116 114 115 255
-1.787868 1.860000 0.302132 0.773010 -0.000000 0.634394 0.875000 0.500000 118 116 117 255
-1.750559 1.260000 0.256671 0.881921 0.000000 0.471397 0.843750 1.000000 239 239 239 255
-1.722836 1.860000 0.204805 0.881921 0.000000 0.471397 0.812500 0.500000 115 113 114 255
-1.750559 1.860000 0.256671 0.881921 0.000000 0.471397 0.843750 0.500000 116 114 115 255
-1.722836 1.260000 0.204805 0.956940 -0.000000 0.290285 0.812500 1.000000 236 236 236 255
-1.705764 1.860000 0.148527 0.956940 -0.000000 0.290285 0.781250 0.500000 114 112 113 255
-1.722836 1.860000 0.204805 0.956940 -0.000000 0.290285 0.812500 0.500000 115 113 114 255
-1.705764 1.260000 0.148527 0.995185 -0.000000 0.098016 0.781250 1.000000 235 235 235 255
-1.700000 1.860000 0.090000 0.995185 -0.000000 0.098016 0.750000 0.500000 113 111 112 255
-1.705764 1.860000 0.148527 0.995185 -0.000000 0.098016 0.781250 0.500000 114 112 113 255
-1.700000 1.260000 0.090000 0.995185 0.000000 -0.098016 0.750000 1.000000 233 233 233 255
-1.705764 1.860000 0.031473 0.995185 0.000000 -0.098016 0.718750 0.500000 113 111 112 255
-1.700000 1.860000 0.090000 0.995185 0.000000 -0.098016 0.750000 0.500000 113 111 112 255
-1.705764 1.260000 0.031473 0.956940 0.000000 -0.290285 0.718750 1.000000 231 231 231 255
-1.722836 1.860000 -0.024805 0.956940 0.000000 -0.290285 0.687500 0.500000 113 111 112 255
-1.705764 1.860000 0.031473 0.956940 0.000000 -0.290285 0.718750 0.500000 113 111 112 255
-1.722836 1.260000 -0.024805 0.881922 0.000000 -0.471396 0.687500 1.000000 231 231 231 255
-1.750559 1.860000 -0.076671 0.881922 0.000000 -0.471396 0.656250 0.500000 113 111 112 255
-1.722836 1.860000 -0.024805 0.881922 0.000000 -0.471396 0.687500 0.500000 113 111 112 255
-1.750559 1.260000 -0.076671 0.773010 0.000000 -0.634394 0.656250 1.000000 231 231 231 255
-1.787868 1.860000 -0.122132 0.773010 0.000000 -0.634394 0.625000 0.500000 113 111 112 255
-1.750559 1.860000 -0.076671 0.773010 0.000000 -0.634394 0.656250 0.500000 113 111 112 255
-1.787868 1.260000 -0.122132 0.634394 0.000000 -0.773010 0.625000 1.000000 232 232 232 255
-1.833329 1.860000 -0.159441 0.634394 0.000000 -0.773010 0.593750 0.500000 113 111 112 255
-1.787868 1.860000 -0.122132 0.634394 0.000000 -0.773010 0.625000 0.500000 113 111 112 255
-1.833329 1.260000 -0.159441 0.471397 0.000000 -0.881921 0.593750 1.000000 234 234 234 255
-1.885195 1.860000 -0.187164 0.471397 0.000000 -0.881921 0.562500 0.500000 114 112 113 255
-1.833329 1.860000 -0.159441 0.471397 0.000000 -0.881921 0.593750 0.500000 113 111 112 255
-1.885195 1.260000 -0.187164 0.290284 0.000000 -0.956940 0.562500 1.000000 235 235 235 255
-1.941473 1.860000 -0.204236 0.290284 0.000000 -0.956940 0.531250 0.500000 115 113 114 255
-1.885195 1.860000 -0.187164 0.290284 0.000000 -0.956940 0.562500 0.500000 114 112 113 255
-1.941473 1.260000 -0.204236 0.098017 0.000000 -0.995185 0.531250 1.000000 237 237 237 255
-2.000000 1.860000 -0.210000 0.098017 0.000000 -0.995185 0.500000 0.500000 116 114 115 255
-1.941473 1.860000 -0.204236 0.098017 0.000000 -0.995185 0.531250 0.500000 115 113 114 255
-2.000000 1.260000 -0.210000 -0.098018 0.000000 -0.995185 0.500000 1.000000 239 239 239 255
-2.058527 1.860000 -0.204236 -0.098018 0.000000 -0.995185 0.468750 0.500000 118 116 117 255
-2.000000 1.860000 -0.210000 -0.098018 0.000000 -0.995185 0.500000 0.500000 116 114 115 255
-2.058527 1.260000 -0.204236 -0.290285 0.000000 -0.956940 0.468750 1.000000 241 241 241 255
-2.114805 1.860000 -0.187164 -0.290285 0.000000 -0.956940 0.437500 0.500000 120 118 119 255
-2.058527 1.860000 -0.204236 -0.290285 0.000000 -0.956940 0.468750 0.500000 118 116 117 255
-2.114805 1.260000 -0.187164 -0.471397 0.000000 -0.881921 0.437500 1.000000 243 243 243 255
-2.166671 1.860000 -0.159441 -0.471397 0.000000 -0.881921 0.406250 0.500000 122 121 122 255
-2.114805 1.860000 -0.187164 -0.471397 0.000000 -0.881921 0.437500 0.500000 120 118 119 255
-2.166671 1.260000 -0.159441 -0.634394 0.000000 -0.773010 0.406250 1.000000 244 244 244 255
-2.212132 1.860000 -0.122132 -0.634394 0.000000 -0.773010 0.375000 0.500000 125 124 125 255
-2.166671 1.860000 -0.159441 -0.634394 0.000000 -0.773010 0.406250 0.500000 122 121 122 255
-2.212132 1.260000 -0.122132 -0.773012 0.000000 -0.634391 0.375000 1.000000 246 246 246 255
-2.249441 1.860000 -0.076671 -0.773012 0.000000 -0.634391 0.343750 0.500000 129 127 128 255
-2.212132 1.860000 -0.122132 -0.773012 0.000000 -0.634391 0.375000 0.500000 125 124 125 255
-2.249441 1.260000 -0.076671 -0.881921 0.000000 -0.471398 0.343750 1.000000 246 246 246 255
-2.277164 1.860000 -0.024805 -0.881921 0.000000 -0.471398 0.312500 0.500000 133 131 132 255
-2.249441 1.860000 -0.076671 -0.881921 0.000000 -0.471398 0.343750 0.500000 129 127 128 255
-2.277164 1.260000 -0.024805 -0.956940 0.000000 -0.290284 0.312500 1.000000 247 247 247 255
-2.294236 1.860000 0.031473 -0.956940 0.000000 -0.290284 0.281250 0.500000 136 134 135 255
-2.277164 1.860000 -0.024805 -0.956940 0.000000 -0.290284 0.312500 0.500000 133 131 132 255
-2.294236 1.260000 0.031473 -0.995185 0.000000 -0.098014 0.281250 1.000000 247 247 247 255
-2.300000 1.860000 0.090000 -0.995185 0.000000 -0.098014 0.250000 0.500000 138 136 137 255
-2.294236 1.860000 0.031473 -0.995185 0.000000 -0.098014 0.281250 0.500000 136 134 135 255
-2.300000 1.260000 0.090000 -0.995185 -0.000000 0.098018 0.250000 1.000000 248 248 248 255
-2.294235 1.860000 0.148527 -0.995185 -0.000000 0.098018 0.218750 0.500000 140 139 139 255
-2.300000 1.860000 0.090000 -0.995185 -0.000000 0.098018 0.250000 0.500000 138 136 137 255
-2.294235 1.260000 0.148527 -0.956940 -0.000000 0.290285 0.218750 1.000000 249 249 249 255
-2.277164 1.860000 0.204805 -0.956940 -0.000000 0.290285 0.187500 0.500000 142 141 141 255
-2.294235 1.860000 0.148527 -0.956940 -0.000000 0.290285 0.218750 0.500000 140 139 139 255
-2.277164 1.260000 0.204805 -0.881920 -0.000000 0.471398 0.187500 1.000000 249 249 249 255
-2.249441 1.860000 0.256671 -0.881920 -0.000000 0.471398 0.156250 0.500000 142 141 141 255
-2.277164 1.860000 0.204805 -0.881920 -0.000000 0.471398 0.187500 0.500000 142 141 141 255
-2.249441 1.260000 0.256671 -0.773009 -0.000000 0.634395 0.156250 1.000000 250 250 250 255
-2.212132 1.860000 0.302132 -0.773009 -0.000000 0.634395 0.125000 0.500000 142 141 141 255
-2.249441 1.860000 0.256671 -0.773009 -0.000000 0.634395 0.156250 0.500000 142 141 141 255
-2.212132 1.260000 0.302132 -0.634393 0.000000 0.773011 0.125000 1.000000 249 249 249 255
-2.166671 1.860000 0.339441 -0.634393 0.000000 0.773011 0.093750 0.500000 141 140 140 255
-2.212132 1.860000 0.302132 -0.634393 0.000000 0.773011 0.125000 0.500000 142 141 141 255
-2.166671 1.260000 0.339441 -0.471396 0.000000 0.881922 0.093750 1.000000 249 249 249 255
-2.114805 1.860000 0.367164 -0.471396 0.000000 0.881922 0.062500 0.500000 139 138 138 255
-2.166671 1.860000 0.339441 -0.471396 0.000000 0.881922 0.093750 0.500000 141 140 140 255
-2.000000 1.260000 0.390000 0.000000 1.000000 -0.000000 0.250000 0.490000 247 247 247 255
-1.700000 1.260000 0.090000 0.000000 1.000000 -0.000000 0.490000 0.250000 233 233 233 255
-2.000000 1.260000 -0.210000 0.000000 1.000000 -0.000000 0.250000 0.010000 239 239 239 255
-2.114805 1.260000 0.367164 -0.290283 0.000000 0.956941 0.062500 1.000000 249 249 249 255
-2.058527 1.860000 0.384236 -0.290283 0.000000 0.956941 0.031250 0.500000 135 134 135 255
-2.114805 1.860000 0.367164 -0.290283 0.000000 0.956941 0.062500 0.500000 139 138 138 255
-2.058527 1.260000 0.384236 -0.098016 0.000000 0.995185 0.031250 1.000000 248 248 248 255
-2.000000 1.860000 0.390000 -0.098016 0.000000 0.995185 0.000000 0.500000 132 131 131 255
-2.058527 1.860000 0.384236 -0.098016 0.000000 0.995185 0.031250 0.500000 135 134 135 255
-1.705764 1.860000 0.148527 -0.000000 1.000000 0.000000 0.985388 0.296822 114 112 113 255
-1.941473 1.860000 -0.204236 -0.000000 1.000000 0.000000 0.796822 0.014612 115 113 114 255
-2.294236 1.860000 0.031473 -0.000000 1.000000 0.000000 0.514611 0.203179 136 134 135 255
-1.941473 1.260000 0.384236 0.098017 0.000000 0.995185 0.968750 1.000000 246 246 246 255
-1.885195 1.260000 0.367164 0.290285 0.000000 0.956940 0.937500 1.000000 245 245 245 255
-1.885195 1.260000 0.367164 0.471397 -0.000000 0.881921 0.937500 1.000000 245 245 245 255
-1.833329 1.260000 0.339441 0.471397 -0.000000 0.881921 0.906250 1.000000 242 242 242 255
-1.833329 1.860000 0.339441 0.471397 -0.000000 0.881921 0.906250 0.500000 121 119 120 255
-1.833329 1.260000 0.339441 0.634394 -0.000000 0.773010 0.906250 1.000000 242 242 242 255
-1.787868 1.260000 0.302132 0.634394 -0.000000 0.773010 0.875000 1.000000 241 240 241 255
-1.787868 1.860000 0.302132 0.634394 -0.000000 0.773010 0.875000 0.500000 118 116 117 255
-1.750559 1.260000 0.256671 0.773010 0.000000 0.634394 0.843750 1.000000 239 239 239 255
-1.750559 1.260000 0.256671 0.881921 -0.000000 0.471396 0.843750 1.000000 239 239 239 255
-1.722836 1.260000 0.204805 0.881921 -0.000000 0.471396 0.812500 1.000000 236 236 236 255
-1.722836 1.860000 0.204805 0.881921 -0.000000 0.471396 0.812500 0.500000 115 113 114 255
-1.705764 1.260000 0.148527 0.956940 -0.000000 0.290285 0.781250 1.000000 235 235 235 255
-1.700000 1.260000 0.090000 0.995185 -0.000000 0.098016 0.750000 1.000000 233 233 233 255
-1.705764 1.260000 0.031473 0.995185 0.000000 -0.098016 0.718750 1.000000 231 231 231 255
-1.722836 1.260000 -0.024805 0.956940 0.000000 -0.290285 0.687500 1.000000 231 231 231 255
-1.750559 1.260000 -0.076671 0.881922 0.000000 -0.471396 0.656250 1.000000 231 231 231 255
-1.787868 1.260000 -0.122132 0.773010 0.000000 -0.634394 0.625000 1.000000 232 232 232 255
-1.833329 1.260000 -0.159441 0.634394 0.000000 -0.773010 0.593750 1.000000 234 234 234 255
-1.885195 1.260000 -0.187164 0.471397 0.000000 -0.881921 0.562500 1.000000 235 235 235 255
-1.941473 1.260000 -0.204236 0.290284 0.000000 -0.956940 0.531250 1.000000 237 237 237 255
-2.000000 1.260000 -0.210000 0.098017 0.000000 -0.995185 0.500000 1.000000 239 239 239 255
-2.058527 1.260000 -0.204236 -0.098018 -0.000000 -0.995185 0.468750 1.000000 241 241 241 255
-2.114805 1.260000 -0.187164 -0.290285 -0.000000 -0.956940 0.437500 1.000000 243 243 243 255
-2.166671 1.260000 -0.159441 -0.471397 0.000000 -0.881921 0.406250 1.000000 244 244 244 255
-2.212132 1.260000 -0.122132 -0.634394 0.000000 -0.773010 0.375000 1.000000 246 246 246 255
-2.249441 1.260000 -0.076671 -0.773012 0.000000 -0.634391 0.343750 1.000000 246 246 246 255
-2.277164 1.260000 -0.024805 -0.881921 0.000000 -0.471398 0.312500 1.000000 247 247 247 255
-2.294236 1.260000 0.031473 -0.956940 0.000000 -0.290284 0.281250 1.000000 247 247 247 255
-2.300000 1.260000 0.090000 -0.995185 0.000000 -0.098014 0.250000 1.000000 248 248 248 255
-2.294235 1.260000 0.148527 -0.995185 -0.000000 0.098018 0.218750 1.000000 249 249 249 255
-2.277164 1.260000 0.204805 -0.956940 -0.000000 0.290285 0.187500 1.000000 249 249 249 255
-2.249441 1.260000 0.256671 -0.881920 -0.000000 0.471398 0.156250 1.000000 250 250 250 255
-2.249441 1.260000 0.256671 -0.773010 0.000000 0.634394 0.156250 1.000000 250 250 250 255
-2.212132 1.260000 0.302132 -0.773010 0.000000 0.634394 0.125000 1.000000 249 249 249 255
-2.212132 1.860000 0.302132 -0.773010 0.000000 0.634394 0.125000 0.500000 142 141 141 255
-2.166671 1.260000 0.339441 -0.634393 0.000000 0.773011 0.093750 1.000000 249 249 249 255
-2.114805 1.260000 0.367164 -0.471396 0.000000 0.881922 0.062500 1.000000 249 249 249 255
-1.941473 1.260000 0.384236 0.000000 1.000000 0.000000 0.296822 0.485388 246 246 246 255
-1.787868 1.260000 0.302132 0.000000 1.000000 0.000000 0.419706 0.419706 241 240 241 255
-1.885195 1.260000 0.367164 0.000000 1.000000 0.000000 0.341844 0.471731 245 245 245 255
-1.833329 1.260000 0.339441 0.000000 1.000000 0.000000 0.383337 0.449553 242 242 242 255
-1.750559 1.260000 0.256671 0.000000 1.000000 0.000000 0.449553 0.383337 239 239 239 255
-1.722836 1.260000 0.204805 0.000000 1.000000 0.000000 0.471731 0.341844 236 236 236 255
-1.705764 1.260000 0.148527 -0.000000 1.000000 -0.000000 0.485388 0.296822 235 235 235 255
-1.705764 1.260000 0.031473 0.000000 1.000000 0.000000 0.485388 0.203178 231 231 231 255
-1.722836 1.260000 -0.024805 0.000000 1.000000 0.000000 0.471731 0.158156 231 231 231 255
-1.750559 1.260000 -0.076671 0.000000 1.000000 0.000000 0.449553 0.116663 231 231 231 255
-1.787868 1.260000 -0.122132 0.000000 1.000000 0.000000 0.419706 0.080294 232 232 232 255
-1.833329 1.260000 -0.159441 0.000000 1.000000 0.000000 0.383337 0.050447 234 234 234 255
-1.885195 1.260000 -0.187164 0.000000 1.000000 0.000000 0.341844 0.028269 235 235 235 255
-1.941473 1.260000 -0.204236 -0.000000 1.000000 0.000000 0.296822 0.014612 237 237 237 255
-2.058527 1.260000 -0.204236 0.000000 1.000000 0.000000 0.203178 0.014612 241 241 241 255
-2.114805 1.260000 -0.187164 0.000000 1.000000 0.000000 0.158156 0.028269 243 243 243 255
-2.166671 1.260000 -0.159441 0.000000 1.000000 0.000000 0.116663 0.050447 244 244 244 255
-2.212132 1.260000 -0.122132 0.000000 1.000000 0.000000 0.080294 0.080294 246 246 246 255
-2.249441 1.260000 -0.076671 0.000000 1.000000 0.000000 0.050447 0.116663 246 246 246 255
-2.277164 1.260000 -0.024805 0.000000 1.000000 0.000000 0.028269 0.158156 247 247 247 255
-2.294236 1.260000 0.031473 0.000000 1.000000 0.000000 0.014611 0.203179 247 247 247 255
-2.300000 1.260000 0.090000 0.000000 1.000000 0.000000 0.010000 0.250000 248 248 248 255
-2.294235 1.260000 0.148527 0.000000 1.000000 0.000000 0.014612 0.296822 249 249 249 255
-2.277164 1.260000 0.204805 0.000000 1.000000 0.000000 0.028269 0.341844 249 249 249 255
-2.249441 1.260000 0.256671 0.000000 1.000000 0.000000 0.050447 0.383337 250 250 250 255
-2.212132 1.260000 0.302132 0.000000 1.000000 0.000000 0.080295 0.419706 249 249 249 255
-2.166671 1.260000 0.339441 0.000000 1.000000 0.000000 0.116663 0.449553 249 249 249 255
-2.114805 1.260000 0.367164 0.000000 1.000000 0.000000 0.158156 0.471731 249 249 249 255
-2.058527 1.260000 0.384236 0.000000 1.000000 -0.000000 0.203179 0.485389 248 248 248 255
-2.058527 1.260000 0.384236 -0.290283 0.000000 0.956941 0.031250 1.000000 248 248 248 255
-2.000000 1.260000 0.390000 -0.098016 0.000000 0.995185 0.000000 1.000000 247 247 247 255
-2.058527 1.860000 0.384236 0.000000 1.000000 0.000000 0.703179 0.485389 135 134 135 255
-2.000000 1.860000 0.390000 0.000000 1.000000 0.000000 0.750000 0.490000 132 131 131 255
-1.941473 1.860000 0.384236 0.000000 1.000000 0.000000 0.796822 0.485388 128 126 127 255
-1.885195 1.860000 0.367164 0.000000 1.000000 0.000000 0.841844 0.471731 124 122 123 255
-1.833329 1.860000 0.339441 0.000000 1.000000 0.000000 0.883337 0.449553 121 119 120 255
-1.787868 1.860000 0.302132 0.000000 1.000000 0.000000 0.919706 0.419706 118 116 117 255
-1.750559 1.860000 0.256671 0.000000 1.000000 0.000000 0.949553 0.383337 116 114 115 255
-1.722836 1.860000 0.204805 -0.000000 1.000000 -0.000000 0.971731 0.341844 115 113 114 255
-1.700000 1.860000 0.090000 0.000000 1.000000 -0.000000 0.990000 0.250000 113 111 112 255
-1.705764 1.860000 0.031473 0.000000 1.000000 -0.000000 0.985388 0.203178 113 111 112 255
-1.722836 1.860000 -0.024805 -0.000000 1.000000 0.000000 0.971731 0.158156 113 111 112 255
-1.750559 1.860000 -0.076671 -0.000000 1.000000 0.000000 0.949553 0.116663 113 111 112 255
-1.787868 1.860000 -0.122132 0.000000 1.000000 0.000000 0.919706 0.080294 113 111 112 255
-1.833329 1.860000 -0.159441 0.000000 1.000000 0.000000 0.883337 0.050447 113 111 112 255
-1.885195 1.860000 -0.187164 0.000000 1.000000 0.000000 0.841844 0.028269 114 112 113 255
-2.000000 1.860000 -0.210000 -0.000000 1.000000 0.000000 0.750000 0.010000 116 114 115 255
-2.058527 1.860000 -0.204236 -0.000000 1.000000 0.000000 0.703178 0.014612 118 116 117 255
-2.114805 1.860000 -0.187164 0.000000 1.000000 0.000000 0.658156 0.028269 120 118 119 255
-2.166671 1.860000 -0.159441 0.000000 1.000000 0.000000 0.616663 0.050447 122 121 122 255
-2.212132 1.860000 -0.122132 0.000000 1.000000 0.000000 0.580294 0.080294 125 124 125 255
-2.249441 1.860000 -0.076671 0.000000 1.000000 0.000000 0.550447 0.116663 129 127 128 255
-2.277164 1.860000 -0.024805 0.000000 1.000000 0.000000 0.528269 0.158156 133 131 132 255
-2.300000 1.860000 0.090000 0.000000 1.000000 0.000000 0.510000 0.250000 138 136 137 255
-2.294235 1.860000 0.148527 0.000000 1.000000 0.000000 0.514612 0.296822 140 139 139 255
-2.277164 1.860000 0.204805 0.000000 1.000000 0.000000 0.528269 0.341844 142 141 141 255
-2.249441 1.860000 0.256671 0.000000 1.000000 0.000000 0.550447 0.383337 142 141 141 255
-2.212132 1.860000 0.302132 0.000000 1.000000 0.000000 0.580295 0.419706 142 141 141 255
-2.166671 1.860000 0.339441 0.000000 1.000000 0.000000 0.616663 0.449553 141 140 140 255
-2.114805 1.860000 0.367164 0.000000 1.000000 0.000000 0.658156 0.471731 139 138 138 255
2.000000 0.849999 0.690000 0.098017 0.000000 -0.995185 1.000000 1.000000 153 150 151 255
1.882946 1.849999 0.678471 0.098017 0.000000 -0.995185 0.968750 0.500000 153 150 151 255
2.000000 1.849999 0.690000 0.098017 0.000000 -0.995185 1.000000 0.500000 153 150 151 255
1.882946 0.849999 0.678471 0.290285 0.000000 -0.956940 0.968750 1.000000 153 150 151 255
1.770390 1.849999 0.644328 0.290285 0.000000 -0.956940 0.937500 0.500000 153 150 151 255
1.882946 1.849999 0.678471 0.290285 0.000000 -0.956940 0.968750 0.500000 153 150 151 255
1.770390 0.849999 0.644328 0.471396 0.000000 -0.881921 0.937500 1.000000 153 150 151 255
1.666658 1.849999 0.588882 0.471396 0.000000 -0.881921 0.906250 0.500000 153 150 151 255
1.770390 1.849999 0.644328 0.471396 0.000000 -0.881921 0.937500 0.500000 153 150 151 255
1.666658 0.849999 0.588882 0.634394 0.000000 -0.773010 0.906250 1.000000 153 150 151 255
1.575736 1.849999 0.514264 0.634394 0.000000 -0.773010 0.875000 0.500000 153 150 151 255
1.666658 1.849999 0.588882 0.634394 0.000000 -0.773010 0.906250 0.500000 153 150 151 255
1.575736 0.849999 0.514264 0.773010 0.000000 -0.634394 0.875000 1.000000 153 150 151 255
1.501118 1.849999 0.423342 0.773010 0.000000 -0.634394 0.843750 0.500000 153 150 151 255
1.575736 1.849999 0.514264 0.773010 0.000000 -0.634394 0.875000 0.500000 153 150 151 255
1.501118 0.849999 0.423342 0.881921 0.000000 -0.471396 0.843750 1.000000 153 150 151 255
1.445672 1.849999 0.319610 0.881921 0.000000 -0.471396 0.812500 0.500000 153 150 151 255
1.501118 1.849999 0.423342 0.881921 0.000000 -0.471396 0.843750 0.500000 153 150 151 255
1.445672 0.849999 0.319610 0.956940 0.000000 -0.290285 0.812500 1.000000 153 150 151 255
1.411529 1.849999 0.207054 0.956940 0.000000 -0.290285 0.781250 0.500000 153 150 151 255
1.445672 1.849999 0.319610 0.956940 0.000000 -0.290285 0.812500 0.500000 153 150 151 255
1.411529 0.849999 0.207054 0.995185 0.000000 -0.098017 0.781250 1.000000 153 150 151 255
1.400000 1.849999 0.090000 0.995185 0.000000 -0.098017 0.750000 0.500000 153 150 151 255
1.411529 1.849999 0.207054 0.995185 0.000000 -0.098017 0.781250 0.500000 153 150 151 255
1.400000 0.849999 0.090000 0.995185 -0.000000 0.098017 0.750000 1.000000 153 150 151 255
1.411529 1.849999 -0.027054 0.995185 -0.000000 0.098017 0.718750 0.500000 153 150 151 255
1.400000 1.849999 0.090000 0.995185 -0.000000 0.098017 0.750000 0.500000 153 150 151 255
1.411529 0.849999 -0.027054 0.956940 -0.000000 0.290285 0.718750 1.000000 153 150 151 255
1.445672 1.849999 -0.139610 0.956940 -0.000000 0.290285 0.687500 0.500000 153 150 151 255
1.411529 1.849999 -0.027054 0.956940 -0.000000 0.290285 0.718750 0.500000 153 150 151 255
1.445672 0.849999 -0.139610 0.881922 -0.000000 0.471396 0.687500 1.000000 153 150 151 255
1.501118 1.849999 -0.243342 0.881922 -0.000000 0.471396 0.656250 0.500000 153 150 151 255
1.445672 1.849999 -0.139610 0.881922 -0.000000 0.471396 0.687500 0.500000 153 150 151 255
1.501118 0.849999 -0.243342 0.773010 -0.000000 0.634394 0.656250 1.000000 153 150 151 255
1.575736 1.849999 -0.334264 0.773010 -0.000000 0.634394 0.625000 0.500000 153 150 151 255
1.501118 1.849999 -0.243342 0.773010 -0.000000 0.634394 0.656250 0.500000 153 150 151 255
1.575736 0.849999 -0.334264 0.634393 -0.000000 0.773010 0.625000 1.000000 153 150 151 255
1.666658 1.849999 -0.408882 0.634393 -0.000000 0.773010 0.593750 0.500000 153 150 151 255
1.575736 1.849999 -0.334264 0.634393 -0.000000 0.773010 0.625000 0.500000 153 150 151 255
1.666658 0.849999 -0.408882 0.471397 -0.000000 0.881921 0.593750 1.000000 153 150 151 255
1.770390 1.849999 -0.464328 0.471397 -0.000000 0.881921 0.562500 0.500000 153 150 151 255
1.666658 1.849999 -0.408882 0.471397 -0.000000 0.881921 0.593750 0.500000 153 150 151 255
1.770390 0.849999 -0.464328 0.290285 0.000000 0.956940 0.562500 1.000000 153 150 151 255
1.882946 1.849999 -0.498471 0.290285 0.000000 0.956940 0.531250 0.500000 153 150 151 255
1.770390 1.849999 -0.464328 0.290285 0.000000 0.956940 0.562500 0.500000 153 150 151 255
1.882946 0.849999 -0.498471 0.098016 0.000000 0.995185 0.531250 1.000000 153 150 151 255
2.000000 1.849999 -0.510000 0.098016 0.000000 0.995185 0.500000 0.500000 153 150 151 255
1.882946 1.849999 -0.498471 0.098016 0.000000 0.995185 0.531250 0.500000 153 150 151 255
2.000000 0.849999 -0.510000 -0.098018 0.000000 0.995185 0.500000 1.000000 153 150 151 255
2.117054 1.849999 -0.498471 -0.098018 0.000000 0.995185 0.468750 0.500000 153 150 151 255
2.000000 1.849999 -0.510000 -0.098018 0.000000 0.995185 0.500000 0.500000 153 150 151 255
2.117054 0.849999 -0.498471 -0.290285 0.000000 0.956940 0.468750 1.000000 153 150 151 255
2.229610 1.849999 -0.464328 -0.290285 0.000000 0.956940 0.437500 0.500000 153 150 151 255
2.117054 1.849999 -0.498471 -0.290285 0.000000 0.956940 0.468750 0.500000 153 150 151 255
2.229610 0.849999 -0.464328 -0.471397 0.000000 0.881921 0.437500 1.000000 153 150 151 255
2.333343 1.849999 -0.408882 -0.471397 0.000000 0.881921 0.406250 0.500000 153 150 151 255
2.229610 1.849999 -0.464328 -0.471397 0.000000 0.881921 0.437500 0.500000 153 150 151 255
2.333343 0.849999 -0.408882 -0.634394 -0.000000 0.773010 0.406250 1.000000 153 150 151 255
2.424264 1.849999 -0.334264 -0.634394 -0.000000 0.773010 0.375000 0.500000 153 150 151 255
2.333343 1.849999 -0.408882 -0.634394 -0.000000 0.773010 0.406250 0.500000 153 150 151 255
2.424264 0.849999 -0.334264 -0.773011 -0.000000 0.634392 0.375000 1.000000 153 150 151 255
2.498882 1.849999 -0.243342 -0.773011 -0.000000 0.634392 0.343750 0.500000 153 150 151 255
2.424264 1.849999 -0.334264 -0.773011 -0.000000 0.634392 0.375000 0.500000 153 150 151 255
2.498882 0.849999 -0.243342 -0.881922 -0.000000 0.471396 0.343750 1.000000 153 150 151 255
2.554328 1.849999 -0.139610 -0.881922 -0.000000 0.471396 0.312500 0.500000 153 150 151 255
2.498882 1.849999 -0.243342 -0.881922 -0.000000 0.471396 0.343750 0.500000 153 150 151 255
2.554328 0.849999 -0.139610 -0.956940 -0.000000 0.290284 0.312500 1.000000 153 150 151 255
2.588471 1.849999 -0.027054 -0.956940 -0.000000 0.290284 0.281250 0.500000 153 150 151 255
2.554328 1.849999 -0.139610 -0.956940 -0.000000 0.290284 0.312500 0.500000 153 150 151 255
2.588471 0.849999 -0.027054 -0.995185 -0.000000 0.098014 0.281250 1.000000 153 150 151 255
2.600000 1.849999 0.090001 -0.995185 -0.000000 0.098014 0.250000 0.500000 153 150 151 255
2.588471 1.849999 -0.027054 -0.995185 -0.000000 0.098014 0.281250 0.500000 153 150 151 255
2.600000 0.849999 0.090001 -0.995185 0.000000 -0.098018 0.250000 1.000000 153 150 151 255
2.588471 1.849999 0.207055 -0.995185 0.000000 -0.098018 0.218750 0.500000 154 148 149 255
2.600000 1.849999 0.090001 -0.995185 0.000000 -0.098018 0.250000 0.500000 153 150 151 255
2.588471 0.849999 0.207055 -0.956940 0.000000 -0.290285 0.218750 1.000000 152 148 149 255
2.554327 1.849999 0.319611 -0.956940 0.000000 -0.290285 0.187500 0.500000 155 147 149 255
2.588471 1.849999 0.207055 -0.956940 0.000000 -0.290285 0.218750 0.500000 154 148 149 255
2.554327 0.849999 0.319611 -0.881921 0.000000 -0.471398 0.187500 1.000000 153 148 150 255
2.498881 1.849999 0.423343 -0.881921 0.000000 -0.471398 0.156250 0.500000 153 149 150 255
2.554327 1.849999 0.319611 -0.881921 0.000000 -0.471398 0.187500 0.500000 155 147 149 255
2.498881 0.849999 0.423343 -0.773009 0.000000 -0.634394 0.156250 1.000000 153 150 151 255
2.424263 1.849999 0.514265 -0.773009 0.000000 -0.634394 0.125000 0.500000 153 150 151 255
2.498881 1.849999 0.423343 -0.773009 0.000000 -0.634394 0.156250 0.500000 153 149 150 255
2.424263 0.849999 0.514265 -0.634393 0.000000 -0.773011 0.125000 1.000000 153 150 151 255
2.333342 1.849999 0.588882 -0.634393 0.000000 -0.773011 0.093750 0.500000 153 150 151 255
2.424263 1.849999 0.514265 -0.634393 0.000000 -0.773011 0.125000 0.500000 153 150 151 255
2.333342 0.849999 0.588882 -0.471395 0.000000 -0.881922 0.093750 1.000000 153 150 151 255
2.229609 1.849999 0.644328 -0.471395 0.000000 -0.881922 0.062500 0.500000 153 150 151 255
2.333342 1.849999 0.588882 -0.471395 0.000000 -0.881922 0.093750 0.500000 153 150 151 255
2.554327 0.849999 0.319611 -0.000000 1.000000 0.000000 0.028269 0.341844 153 148 150 255
2.229610 0.849999 -0.464328 -0.000000 1.000000 0.000000 0.158156 0.028269 153 150 151 255
1.445672 0.849999 -0.139610 -0.000000 1.000000 0.000000 0.471731 0.158156 153 150 151 255
2.229609 0.849999 0.644328 -0.290283 0.000000 -0.956941 0.062500 1.000000 153 150 151 255
2.117053 1.849999 0.678471 -0.290283 0.000000 -0.956941 0.031250 0.500000 153 150 151 255
2.229609 1.849999 0.644328 -0.290283 0.000000 -0.956941 0.062500 0.500000 153 150 151 255
2.117053 0.849999 0.678471 -0.098017 0.000000 -0.995185 0.031250 1.000000 153 150 151 255
2.000000 1.849999 0.690000 -0.098017 0.000000 -0.995185 0.000000 0.500000 153 150 151 255
2.117053 1.849999 0.678471 -0.098017 0.000000 -0.995185 0.031250 0.500000 153 150 151 255
1.411529 1.849999 0.207054 -0.000000 -1.000000 0.000000 0.985388 0.296822 153 150 151 255
1.882946 1.849999 -0.498471 -0.000000 -1.000000 0.000000 0.796822 0.014612 153 150 151 255
2.588471 1.849999 -0.027054 -0.000000 -1.000000 0.000000 0.514611 0.203179 153 150 151 255
1.882946 0.849999 0.678471 0.098017 0.000000 -0.995185 0.968750 1.000000 153 150 151 255
1.770390 0.849999 0.644328 0.290285 0.000000 -0.956940 0.937500 1.000000 153 150 151 255
1.770390 0.849999 0.644328 0.471397 0.000000 -0.881921 0.937500 1.000000 153 150 151 255
1.666658 0.849999 0.588882 0.471397 0.000000 -0.881921 0.906250 1.000000 153 150 151 255
1.666658 1.849999 0.588882 0.471397 0.000000 -0.881921 0.906250 0.500000 153 150 151 255
1.666658 0.849999 0.588882 0.634393 0.000000 -0.773010 0.906250 1.000000 153 150 151 255
1.575736 0.849999 0.514264 0.634393 0.000000 -0.773010 0.875000 1.000000 153 150 151 255
1.575736 1.849999 0.514264 0.634393 0.000000 -0.773010 0.875000 0.500000 153 150 151 255
1.501118 0.849999 0.423342 0.773010 0.000000 -0.634394 0.843750 1.000000 153 150 151 255
1.501118 0.849999 0.423342 0.881921 0.000000 -0.471397 0.843750 1.000000 153 150 151 255
1.445672 0.849999 0.319610 0.881921 0.000000 -0.471397 0.812500 1.000000 153 150 151 255
1.445672 1.849999 0.319610 0.881921 0.000000 -0.471397 0.812500 0.500000 153 150 151 255
1.411529 0.849999 0.207054 0.956940 0.000000 -0.290285 0.781250 1.000000 153 150 151 255
1.400000 0.849999 0.090000 0.995185 0.000000 -0.098017 0.750000 1.000000 153 150 151 255
1.411529 0.849999 -0.027054 0.995185 -0.000000 0.098017 0.718750 1.000000 153 150 151 255
1.445672 0.849999 -0.139610 0.956940 -0.000000 0.290285 0.687500 1.000000 153 150 151 255
1.501118 0.849999 -0.243342 0.881922 -0.000000 0.471396 0.656250 1.000000 153 150 151 255
1.575736 0.849999 -0.334264 0.773010 -0.000000 0.634394 0.625000 1.000000 153 150 151 255
1.666658 0.849999 -0.408882 0.634393 -0.000000 0.773010 0.593750 1.000000 153 150 151 255
1.770390 0.849999 -0.464328 0.471397 0.000000 0.881921 0.562500 1.000000 153 150 151 255
1.882946 0.849999 -0.498471 0.290285 0.000000 0.956940 0.531250 1.000000 153 150 151 255
2.000000 0.849999 -0.510000 0.098016 0.000000 0.995185 0.500000 1.000000 153 150 151 255
2.117054 0.849999 -0.498471 -0.098018 0.000000 0.995185 0.468750 1.000000 153 150 151 255
2.229610 0.849999 -0.464328 -0.290285 0.000000 0.956940 0.437500 1.000000 153 150 151 255
2.333343 0.849999 -0.408882 -0.471397 -0.000000 0.881921 0.406250 1.000000 153 150 151 255
2.424264 0.849999 -0.334264 -0.634394 -0.000000 0.773010 0.375000 1.000000 153 150 151 255
2.498882 0.849999 -0.243342 -0.773011 -0.000000 0.634392 0.343750 1.000000 153 150 151 255
2.554328 0.849999 -0.139610 -0.881922 -0.000000 0.471396 0.312500 1.000000 153 150 151 255
2.554328 0.849999 -0.139610 -0.956940 -0.000000 0.290285 0.312500 1.000000 153 150 151 255
2.588471 0.849999 -0.027054 -0.956940 -0.000000 0.290285 0.281250 1.000000 153 150 151 255
2.588471 1.849999 -0.027054 -0.956940 -0.000000 0.290285 0.281250 0.500000 153 150 151 255
2.600000 0.849999 0.090001 -0.995185 -0.000000 0.098014 0.250000 1.000000 153 150 151 255
2.588471 0.849999 0.207055 -0.995185 0.000000 -0.098018 0.218750 1.000000 152 148 149 255
2.554327 0.849999 0.319611 -0.956940 0.000000 -0.290285 0.187500 1.000000 153 148 150 255
2.498881 0.849999 0.423343 -0.881921 0.000000 -0.471398 0.156250 1.000000 153 150 151 255
2.424263 0.849999 0.514265 -0.773009 0.000000 -0.634394 0.125000 1.000000 153 150 151 255
2.333342 0.849999 0.588882 -0.634393 0.000000 -0.773011 0.093750 1.000000 153 150 151 255
2.333342 0.849999 0.588882 -0.471396 -0.000000 -0.881922 0.093750 1.000000 153 150 151 255
2.229609 0.849999 0.644328 -0.471396 -0.000000 -0.881922 0.062500 1.000000 153 150 151 255
2.229609 1.849999 0.644328 -0.471396 -0.000000 -0.881922 0.062500 0.500000 153 150 151 255
1.770390 0.849999 0.644328 0.000000 1.000000 0.000000 0.341844 0.471731 153 150 151 255
1.882946 0.849999 0.678471 0.000000 1.000000 0.000000 0.296822 0.485388 153 150 151 255
2.000000 0.849999 0.690000 0.000000 1.000000 0.000000 0.250000 0.490000 153 150 151 255
2.117053 0.849999 0.678471 0.000000 1.000000 -0.000000 0.203179 0.485389 153 150 151 255
2.229609 0.849999 0.644328 0.000000 1.000000 -0.000000 0.158156 0.471731 153 150 151 255
2.333342 0.849999 0.588882 0.000000 1.000000 0.000000 0.116663 0.449553 153 150 151 255
2.424263 0.849999 0.514265 0.000000 1.000000 0.000000 0.080295 0.419706 153 150 151 255
2.498881 0.849999 0.423343 0.000000 1.000000 0.000000 0.050447 0.383337 153 150 151 255
2.588471 0.849999 0.207055 0.000000 1.000000 0.000000 0.014612 0.296822 152 148 149 255
2.600000 0.849999 0.090001 0.000000 1.000000 0.000000 0.010000 0.250000 153 150 151 255
2.588471 0.849999 -0.027054 -0.000000 1.000000 0.000000 0.014611 0.203179 153 150 151 255
2.554328 0.849999 -0.139610 -0.000000 1.000000 0.000000 0.028269 0.158156 153 150 151 255
2.498882 0.849999 -0.243342 0.000000 1.000000 0.000000 0.050447 0.116663 153 150 151 255
2.424264 0.849999 -0.334264 0.000000 1.000000 0.000000 0.080294 0.080294 153 150 151 255
2.333343 0.849999 -0.408882 0.000000 1.000000 0.000000 0.116663 0.050447 153 150 151 255
2.117054 0.849999 -0.498471 0.000000 1.000000 0.000000 0.203178 0.014612 153 150 151 255
2.000000 0.849999 -0.510000 0.000000 1.000000 0.000000 0.250000 0.010000 153 150 151 255
1.882946 0.849999 -0.498471 0.000000 1.000000 0.000000 0.296822 0.014612 153 150 151 255
1.770390 0.849999 -0.464328 0.000000 1.000000 0.000000 0.341844 0.028269 153 150 151 255
1.666658 0.849999 -0.408882 0.000000 1.000000 0.000000 0.383337 0.050447 153 150 151 255
1.575736 0.849999 -0.334264 0.000000 1.000000 0.000000 0.419706 0.080294 153 150 151 255
1.501118 0.849999 -0.243342 0.000000 1.000000 0.000000 0.449553 0.116663 153 150 151 255
1.411529 0.849999 -0.027054 0.000000 1.000000 0.000000 0.485388 0.203178 153 150 151 255
1.400000 0.849999 0.090000 0.000000 1.000000 0.000000 0.490000 0.250000 153 150 151 255
1.411529 0.849999 0.207054 0.000000 1.000000 0.000000 0.485388 0.296822 153 150 151 255
1.445672 0.849999 0.319610 0.000000 1.000000 -0.000000 0.471731 0.341844 153 150 151 255
1.501118 0.849999 0.423342 0.000000 1.000000 0.000000 0.449553 0.383337 153 150 151 255
1.575736 0.849999 0.514264 0.000000 1.000000 0.000000 0.419706 0.419706 153 150 151 255
1.666658 0.849999 0.588882 0.000000 1.000000 0.000000 0.383337 0.449553 153 150 151 255
2.117053 0.849999 0.678471 -0.290283 -0.000000 -0.956941 0.031250 1.000000 153 150 151 255
2.000000 0.849999 0.690000 -0.098017 -0.000000 -0.995185 0.000000 1.000000 153 150 151 255
2.117053 1.849999 0.678471 0.000000 -1.000000 0.000000 0.703179 0.485389 153 150 151 255
2.000000 1.849999 0.690000 0.000000 -1.000000 0.000000 0.750000 0.490000 153 150 151 255
1.882946 1.849999 0.678471 0.000000 -1.000000 0.000000 0.796822 0.485388 153 150 151 255
1.770390 1.849999 0.644328 0.000000 -1.000000 0.000000 0.841844 0.471731 153 150 151 255
1.666658 1.849999 0.588882 0.000000 -1.000000 0.000000 0.883337 0.449553 153 150 151 255
1.575736 1.849999 0.514264 0.000000 -1.000000 0.000000 0.919706 0.419706 153 150 151 255
1.501118 1.849999 0.423342 0.000000 -1.000000 0.000000 0.949553 0.383337 153 150 151 255
1.445672 1.849999 0.319610 -0.000000 -1.000000 0.000000 0.971731 0.341844 153 150 151 255
1.400000 1.849999 0.090000 0.000000 -1.000000 0.000000 0.990000 0.250000 153 150 151 255
1.411529 1.849999 -0.027054 0.000000 -1.000000 0.000000 0.985388 0.203178 153 150 151 255
1.445672 1.849999 -0.139610 -0.000000 -1.000000 -0.000000 0.971731 0.158156 153 150 151 255
1.501118 1.849999 -0.243342 -0.000000 -1.000000 -0.000000 0.949553 0.116663 153 150 151 255
1.575736 1.849999 -0.334264 0.000000 -1.000000 0.000000 0.919706 0.080294 153 150 151 255
1.666658 1.849999 -0.408882 0.000000 -1.000000 0.000000 0.883337 0.050447 153 150 151 255
1.770390 1.849999 -0.464328 0.000000 -1.000000 0.000000 0.841844 0.028269 153 150 151 255
2.000000 1.849999 -0.510000 -0.000000 -1.000000 0.000000 0.750000 0.010000 153 150 151 255
2.117054 1.849999 -0.498471 -0.000000 -1.000000 0.000000 0.703178 0.014612 153 150 151 255
2.229610 1.849999 -0.464328 0.000000 -1.000000 0.000000 0.658156 0.028269 153 150 151 255
2.333343 1.849999 -0.408882 0.000000 -1.000000 0.000000 0.616663 0.050447 153 150 151 255
2.424264 1.849999 -0.334264 0.000000 -1.000000 0.000000 0.580294 0.080294 153 150 151 255
2.498882 1.849999 -0.243342 0.000000 -1.000000 0.000000 0.550447 0.116663 153 150 151 255
2.554328 1.849999 -0.139610 0.000000 -1.000000 0.000000 0.528269 0.158156 153 150 151 255
2.600000 1.849999 0.090001 0.000000 -1.000000 -0.000000 0.510000 0.250000 153 150 151 255
2.588471 1.849999 0.207055 0.000000 -1.000000 -0.000000 0.514612 0.296822 154 148 149 255
2.554327 1.849999 0.319611 0.000000 -1.000000 0.000000 0.528269 0.341844 155 147 149 255
2.498881 1.849999 0.423343 0.000000 -1.000000 0.000000 0.550447 0.383337 153 149 150 255
2.424263 1.849999 0.514265 0.000000 -1.000000 0.000000 0.580295 0.419706 153 150 151 255
2.333342 1.849999 0.588882 0.000000 -1.000000 0.000000 0.616663 0.449553 153 150 151 255
2.229609 1.849999 0.644328 0.000000 -1.000000 0.000000 0.658156 0.471731 153 150 151 255
-1.402102 -0.617974 1.055968 0.003491 -0.000012 0.999994 1.000000 0.000000 228 170 43 255
-2.597898 0.586208 1.060157 0.003491 -0.000012 0.999994 0.000000 1.000000 228 170 43 255

//right
-2.602087 -0.613785 1.060157 0.003491 -0.000012 0.999994 0.000000 0.000000 228 170 43 255
-1.397913 0.582019 1.055968 0.003491 -0.000012 0.999994 1.000000 1.000000 228 170 43 255
1.000000 1.000000 1.049905 0.000000 0.000000 1.000000 0.875000 0.500000 255 255 255 255
3.000000 -1.000000 1.049905 0.000000 0.000000 1.000000 0.625000 0.750000 251 247 248 255
3.000000 1.000000 1.049905 0.000000 0.000000 1.000000 0.625000 0.500000 251 247 248 255
3.000000 -1.000000 1.049905 0.000000 -1.000000 0.000000 0.625000 0.750000 251 247 248 255
1.000000 -1.000000 -0.950095 0.000000 -1.000000 0.000000 0.375000 1.000000 255 255 255 255
3.000000 -1.000000 -0.950095 0.000000 -1.000000 0.000000 0.375000 0.750000 255 255 255 255
1.000000 -1.000000 1.049905 -1.000000 0.000000 0.000000 0.625000 0.000000 252 250 250 255
1.000000 1.000000 -0.950095 -1.000000 0.000000 0.000000 0.375000 0.250000 255 255 255 255
1.000000 -1.000000 -0.950095 -1.000000 0.000000 0.000000 0.375000 0.000000 255 255 255 255
3.000000 1.000000 -0.950095 0.000000 0.000000 -1.000000 0.375000 0.500000 255 255 255 255
1.000000 -1.000000 -0.950095 0.000000 0.000000 -1.000000 0.125000 0.750000 255 255 255 255
1.000000 1.000000 -0.950095 0.000000 0.000000 -1.000000 0.125000 0.500000 255 255 255 255
3.000000 1.000000 1.049905 1.000000 0.000000 -0.000000 0.625000 0.500000 251 247 248 255
3.000000 -1.000000 -0.950095 1.000000 0.000000 -0.000000 0.375000 0.750000 255 255 255 255
3.000000 1.000000 -0.950095 1.000000 0.000000 -0.000000 0.375000 0.500000 255 255 255 255
1.000000 1.000000 1.049905 0.000000 1.000000 -0.000000 0.625000 0.250000 255 255 255 255
3.000000 1.000000 -0.950095 0.000000 1.000000 -0.000000 0.375000 0.500000 255 255 255 255
1.000000 1.000000 -0.950095 0.000000 1.000000 -0.000000 0.375000 0.250000 255 255 255 255
1.000000 -1.000000 1.049905 0.000000 -0.000000 1.000000 0.875000 0.750000 252 250 250 255
1.000000 -1.000000 1.049905 0.000000 -1.000000 0.000000 0.625000 1.000000 252 250 250 255
1.000000 1.000000 1.049905 -1.000000 0.000000 0.000000 0.625000 0.250000 255 255 255 255
3.000000 -1.000000 -0.950095 0.000000 0.000000 -1.000000 0.375000 0.750000 255 255 255 255
3.000000 -1.000000 1.049905 1.000000 0.000000 0.000000 0.625000 0.750000 251 247 248 255
3.000000 1.000000 1.049905 0.000000 1.000000 -0.000000 0.625000 0.500000 251 247 248 255
2.000000 1.260000 0.390000 0.098017 0.000000 0.995185 1.000000 1.000000 172 171 172 255
2.058527 1.860000 0.384236 0.098017 0.000000 0.995185 0.968750 0.500000 113 111 112 255
2.000000 1.860000 0.390000 0.098017 0.000000 0.995185 1.000000 0.500000 113 111 112 255
2.058527 1.260000 0.384236 0.290284 0.000000 0.956940 0.968750 1.000000 171 169 170 255
2.114805 1.860000 0.367164 0.290284 0.000000 0.956940 0.937500 0.500000 113 111 112 255
2.058527 1.860000 0.384236 0.290284 0.000000 0.956940 0.968750 0.500000 113 111 112 255
2.114805 1.260000 0.367164 0.471396 0.000000 0.881921 0.937500 1.000000 168 168 168 255
2.166671 1.860000 0.339441 0.471396 0.000000 0.881921 0.906250 0.500000 113 111 112 255
2.114805 1.860000 0.367164 0.471396 0.000000 0.881921 0.937500 0.500000 113 111 112 255
2.166671 1.260000 0.339441 0.634393 -0.000000 0.773010 0.906250 1.000000 169 167 168 255
2.212132 1.860000 0.302132 0.634393 -0.000000 0.773010 0.875000 0.500000 113 111 112 255
2.166671 1.860000 0.339441 0.634393 -0.000000 0.773010 0.906250 0.500000 113 111 112 255
2.212132 1.260000 0.302132 0.773010 -0.000000 0.634394 0.875000 1.000000 171 169 170 255
2.249441 1.860000 0.256671 0.773010 -0.000000 0.634394 0.843750 0.500000 113 111 112 255
2.212132 1.860000 0.302132 0.773010 -0.000000 0.634394 0.875000 0.500000 113 111 112 255
2.249441 1.260000 0.256671 0.881920 0.000000 0.471398 0.843750 1.000000 170 169 169 255
2.277164 1.860000 0.204805 0.881920 0.000000 0.471398 0.812500 0.500000 113 111 112 255
2.249441 1.860000 0.256671 0.881920 0.000000 0.471398 0.843750 0.500000 113 111 112 255
2.277164 1.260000 0.204805 0.956940 -0.000000 0.290285 0.812500 1.000000 170 168 169 255
2.294236 1.860000 0.148527 0.956940 -0.000000 0.290285 0.781250 0.500000 113 111 112 255
2.277164 1.860000 0.204805 0.956940 -0.000000 0.290285 0.812500 0.500000 113 111 112 255
2.294236 1.260000 0.148527 0.995185 -0.000000 0.098014 0.781250 1.000000 170 169 170 255
2.300000 1.860000 0.090000 0.995185 -0.000000 0.098014 0.750000 0.500000 113 111 112 255
2.294236 1.860000 0.148527 0.995185 -0.000000 0.098014 0.781250 0.500000 113 111 112 255
2.300000 1.260000 0.090000 0.995185 0.000000 -0.098014 0.750000 1.000000 169 168 169 255
2.294236 1.860000 0.031473 0.995185 0.000000 -0.098014 0.718750 0.500000 113 111 112 255
2.300000 1.860000 0.090000 0.995185 0.000000 -0.098014 0.750000 0.500000 113 111 112 255
2.294236 1.260000 0.031473 0.956940 0.000000 -0.290285 0.718750 1.000000 168 167 167 255
2.277164 1.860000 -0.024805 0.956940 0.000000 -0.290285 0.687500 0.500000 113 111 112 255
2.294236 1.860000 0.031473 0.956940 0.000000 -0.290285 0.718750 0.500000 113 111 112 255
2.277164 1.260000 -0.024805 0.881921 0.000000 -0.471398 0.687500 1.000000 165 164 164 255
2.249441 1.860000 -0.076671 0.881921 0.000000 -0.471398 0.656250 0.500000 113 111 112 255
2.277164 1.860000 -0.024805 0.881921 0.000000 -0.471398 0.687500 0.500000 113 111 112 255
2.249441 1.260000 -0.076671 0.773010 0.000000 -0.634394 0.656250 1.000000 163 162 163 255
2.212132 1.860000 -0.122132 0.773010 0.000000 -0.634394 0.625000 0.500000 113 111 112 255
2.249441 1.860000 -0.076671 0.773010 0.000000 -0.634394 0.656250 0.500000 113 111 112 255
2.212132 1.260000 -0.122132 0.634394 0.000000 -0.773010 0.625000 1.000000 159 159 159 255
2.166671 1.860000 -0.159441 0.634394 0.000000 -0.773010 0.593750 0.500000 113 111 112 255
2.212132 1.860000 -0.122132 0.634394 0.000000 -0.773010 0.625000 0.500000 113 111 112 255
2.166671 1.260000 -0.159441 0.471397 0.000000 -0.881921 0.593750 1.000000 159 157 158 255
2.114805 1.860000 -0.187164 0.471397 0.000000 -0.881921 0.562500 0.500000 113 111 112 255
2.166671 1.860000 -0.159441 0.471397 0.000000 -0.881921 0.593750 0.500000 113 111 112 255
2.114805 1.260000 -0.187164 0.290284 0.000000 -0.956940 0.562500 1.000000 156 154 155 255
2.058527 1.860000 -0.204236 0.290284 0.000000 -0.956940 0.531250 0.500000 113 111 112 255
2.114805 1.860000 -0.187164 0.290284 0.000000 -0.956940 0.562500 0.500000 113 111 112 255
2.058527 1.260000 -0.204236 0.098017 0.000000 -0.995185 0.531250 1.000000 154 153 153 255
2.000000 1.860000 -0.210000 0.098017 0.000000 -0.995185 0.500000 0.500000 113 111 112 255
2.058527 1.860000 -0.204236 0.098017 0.000000 -0.995185 0.531250 0.500000 113 111 112 255
2.000000 1.260000 -0.210000 -0.098018 0.000000 -0.995185 0.500000 1.000000 153 152 152 255
1.941473 1.860000 -0.204236 -0.098018 0.000000 -0.995185 0.468750 0.500000 113 111 112 255
2.000000 1.860000 -0.210000 -0.098018 0.000000 -0.995185 0.500000 0.500000 113 111 112 255
1.941473 1.260000 -0.204236 -0.290285 0.000000 -0.956940 0.468750 1.000000 154 153 153 255
1.885195 1.860000 -0.187164 -0.290285 0.000000 -0.956940 0.437500 0.500000 113 111 112 255
1.941473 1.860000 -0.204236 -0.290285 0.000000 -0.956940 0.468750 0.500000 113 111 112 255
1.885195 1.260000 -0.187164 -0.471397 0.000000 -0.881921 0.437500 1.000000 155 153 154 255
1.833329 1.860000 -0.159441 -0.471397 0.000000 -0.881921 0.406250 0.500000 113 111 112 255
1.885195 1.860000 -0.187164 -0.471397 0.000000 -0.881921 0.437500 0.500000 113 111 112 255
1.833329 1.260000 -0.159441 -0.634394 0.000000 -0.773010 0.406250 1.000000 156 155 156 255
1.787868 1.860000 -0.122132 -0.634394 0.000000 -0.773010 0.375000 0.500000 113 111 112 255
1.833329 1.860000 -0.159441 -0.634394 0.000000 -0.773010 0.406250 0.500000 113 111 112 255
1.787868 1.260000 -0.122132 -0.773011 0.000000 -0.634392 0.375000 1.000000 158 157 158 255
1.750559 1.860000 -0.076671 -0.773011 0.000000 -0.634392 0.343750 0.500000 113 111 112 255
1.787868 1.860000 -0.122132 -0.773011 0.000000 -0.634392 0.375000 0.500000 113 111 112 255
1.750559 1.260000 -0.076671 -0.881922 0.000000 -0.471396 0.343750 1.000000 161 160 161 255
1.722836 1.860000 -0.024805 -0.881922 0.000000 -0.471396 0.312500 0.500000 113 111 112 255
1.750559 1.860000 -0.076671 -0.881922 0.000000 -0.471396 0.343750 0.500000 113 111 112 255
1.722836 1.260000 -0.024805 -0.956940 0.000000 -0.290284 0.312500 1.000000 163 162 163 255
1.705764 1.860000 0.031473 -0.956940 0.000000 -0.290284 0.281250 0.500000 113 111 112 255
1.722836 1.860000 -0.024805 -0.956940 0.000000 -0.290284 0.312500 0.500000 113 111 112 255
1.705764 1.260000 0.031473 -0.995185 0.000000 -0.098014 0.281250 1.000000 167 165 166 255
1.700000 1.860000 0.090000 -0.995185 0.000000 -0.098014 0.250000 0.500000 113 111 112 255
1.705764 1.860000 0.031473 -0.995185 0.000000 -0.098014 0.281250 0.500000 113 111 112 255
1.700000 1.260000 0.090000 -0.995185 -0.000000 0.098018 0.250000 1.000000 169 168 169 255
1.705765 1.860000 0.148527 -0.995185 -0.000000 0.098018 0.218750 0.500000 113 111 112 255
1.700000 1.860000 0.090000 -0.995185 -0.000000 0.098018 0.250000 0.500000 113 111 112 255
1.705765 1.260000 0.148527 -0.956940 -0.000000 0.290285 0.218750 1.000000 173 172 172 255
1.722836 1.860000 0.204805 -0.956940 -0.000000 0.290285 0.187500 0.500000 113 111 112 255
1.705765 1.860000 0.148527 -0.956940 -0.000000 0.290285 0.218750 0.500000 113 111 112 255
1.722836 1.260000 0.204805 -0.881920 -0.000000 0.471398 0.187500 1.000000 174 173 174 255
1.750559 1.860000 0.256671 -0.881920 -0.000000 0.471398 0.156250 0.500000 113 111 112 255
1.722836 1.860000 0.204805 -0.881920 -0.000000 0.471398 0.187500 0.500000 113 111 112 255
1.750559 1.260000 0.256671 -0.773009 -0.000000 0.634395 0.156250 1.000000 175 174 174 255
1.787868 1.860000 0.302132 -0.773009 -0.000000 0.634395 0.125000 0.500000 113 111 112 255
1.750559 1.860000 0.256671 -0.773009 -0.000000 0.634395 0.156250 0.500000 113 111 112 255
1.787868 1.260000 0.302132 -0.634393 0.000000 0.773011 0.125000 1.000000 176 175 176 255
1.833329 1.860000 0.339441 -0.634393 0.000000 0.773011 0.093750 0.500000 113 111 112 255
1.787868 1.860000 0.302132 -0.634393 0.000000 0.773011 0.125000 0.500000 113 111 112 255
1.833329 1.260000 0.339441 -0.471395 0.000000 0.881922 0.093750 1.000000 173 171 172 255
1.885195 1.860000 0.367164 -0.471395 0.000000 0.881922 0.062500 0.500000 113 111 112 255
1.833329 1.860000 0.339441 -0.471395 0.000000 0.881922 0.093750 0.500000 113 111 112 255
2.000000 1.260000 0.390000 0.000000 1.000000 -0.000000 0.250000 0.490000 172 171 172 255
2.300000 1.260000 0.090000 0.000000 1.000000 -0.000000 0.490000 0.250000 169 168 169 255
2.000000 1.260000 -0.210000 0.000000 1.000000 -0.000000 0.250000 0.010000 153 152 152 255
1.885195 1.260000 0.367164 -0.290283 0.000000 0.956941 0.062500 1.000000 172 171 172 255
1.941473 1.860000 0.384236 -0.290283 0.000000 0.956941 0.031250 0.500000 113 111 112 255
1.885195 1.860000 0.367164 -0.290283 0.000000 0.956941 0.062500 0.500000 113 111 112 255
1.941473 1.260000 0.384236 -0.098017 0.000000 0.995185 0.031250 1.000000 173 172 172 255
2.000000 1.860000 0.390000 -0.098017 0.000000 0.995185 0.000000 0.500000 113 111 112 255
1.941473 1.860000 0.384236 -0.098017 0.000000 0.995185 0.031250 0.500000 113 111 112 255
2.294236 1.860000 0.148527 -0.000000 1.000000 0.000000 0.985388 0.296822 113 111 112 255
2.058527 1.860000 -0.204236 -0.000000 1.000000 0.000000 0.796822 0.014612 113 111 112 255
1.705764 1.860000 0.031473 -0.000000 1.000000 0.000000 0.514611 0.203179 113 111 112 255
2.058527 1.260000 0.384236 0.098017 0.000000 0.995185 0.968750 1.000000 171 169 170 255
2.114805 1.260000 0.367164 0.290284 0.000000 0.956940 0.937500 1.000000 168 168 168 255
2.114805 1.260000 0.367164 0.471397 -0.000000 0.881921 0.937500 1.000000 168 168 168 255
2.166671 1.260000 0.339441 0.471397 -0.000000 0.881921 0.906250 1.000000 169 167 168 255
2.166671 1.860000 0.339441 0.471397 -0.000000 0.881921 0.906250 0.500000 113 111 112 255
2.166671 1.260000 0.339441 0.634394 -0.000000 0.773010 0.906250 1.000000 169 167 168 255
2.212132 1.260000 0.302132 0.634394 -0.000000 0.773010 0.875000 1.000000 171 169 170 255
2.212132 1.860000 0.302132 0.634394 -0.000000 0.773010 0.875000 0.500000 113 111 112 255
2.249441 1.260000 0.256671 0.773010 0.000000 0.634394 0.843750 1.000000 170 169 169 255
2.249441 1.260000 0.256671 0.881921 -0.000000 0.471398 0.843750 1.000000 170 169 169 255
2.277164 1.260000 0.204805 0.881921 -0.000000 0.471398 0.812500 1.000000 170 168 169 255
2.277164 1.860000 0.204805 0.881921 -0.000000 0.471398 0.812500 0.500000 113 111 112 255
2.294236 1.260000 0.148527 0.956940 -0.000000 0.290285 0.781250 1.000000 170 169 170 255
2.300000 1.260000 0.090000 0.995185 -0.000000 0.098014 0.750000 1.000000 169 168 169 255
2.294236 1.260000 0.031473 0.995185 0.000000 -0.098014 0.718750 1.000000 168 167 167 255
2.277164 1.260000 -0.024805 0.956940 0.000000 -0.290285 0.687500 1.000000 165 164 164 255
2.249441 1.260000 -0.076671 0.881921 0.000000 -0.471398 0.656250 1.000000 163 162 163 255
2.212132 1.260000 -0.122132 0.773010 0.000000 -0.634394 0.625000 1.000000 159 159 159 255
2.166671 1.260000 -0.159441 0.634394 0.000000 -0.773010 0.593750 1.000000 159 157 158 255
2.114805 1.260000 -0.187164 0.471397 0.000000 -0.881921 0.562500 1.000000 156 154 155 255
2.058527 1.260000 -0.204236 0.290284 0.000000 -0.956940 0.531250 1.000000 154 153 153 255
2.000000 1.260000 -0.210000 0.098017 0.000000 -0.995185 0.500000 1.000000 153 152 152 255
1.941473 1.260000 -0.204236 -0.098018 -0.000000 -0.995185 0.468750 1.000000 154 153 153 255
1.885195 1.260000 -0.187164 -0.290285 -0.000000 -0.956940 0.437500 1.000000 155 153 154 255
1.833329 1.260000 -0.159441 -0.471397 0.000000 -0.881921 0.406250 1.000000 156 155 156 255
1.787868 1.260000 -0.122132 -0.634394 0.000000 -0.773010 0.375000 1.000000 158 157 158 255
1.750559 1.260000 -0.076671 -0.773011 0.000000 -0.634392 0.343750 1.000000 161 160 161 255
1.722836 1.260000 -0.024805 -0.881922 0.000000 -0.471396 0.312500 1.000000 163 162 163 255
1.705764 1.260000 0.031473 -0.956940 0.000000 -0.290284 0.281250 1.000000 167 165 166 255
1.700000 1.260000 0.090000 -0.995185 0.000000 -0.098014 0.250000 1.000000 169 168 169 255
1.705765 1.260000 0.148527 -0.995185 -0.000000 0.098018 0.218750 1.000000 173 172 172 255
1.722836 1.260000 0.204805 -0.956940 -0.000000 0.290285 0.187500 1.000000 174 173 174 255
1.750559 1.260000 0.256671 -0.881920 -0.000000 0.471398 0.156250 1.000000 175 174 174 255
1.750559 1.260000 0.256671 -0.773010 0.000000 0.634394 0.156250 1.000000 175 174 174 255
1.787868 1.260000 0.302132 -0.773010 0.000000 0.634394 0.125000 1.000000 176 175 176 255
1.787868 1.860000 0.302132 -0.773010 0.000000 0.634394 0.125000 0.500000 113 111 112 255
1.833329 1.260000 0.339441 -0.634393 0.000000 0.773011 0.093750 1.000000 173 171 172 255
1.885195 1.260000 0.367164 -0.471395 0.000000 0.881922 0.062500 1.000000 172 171 172 255
2.058527 1.260000 0.384236 0.000000 1.000000 0.000000 0.296822 0.485388 171 169 170 255
2.212132 1.260000 0.302132 0.000000 1.000000 0.000000 0.419706 0.419706 171 169 170 255
2.114805 1.260000 0.367164 0.000000 1.000000 0.000000 0.341844 0.471731 168 168 168 255
2.166671 1.260000 0.339441 0.000000 1.000000 0.000000 0.383337 0.449553 169 167 168 255
2.249441 1.260000 0.256671 0.000000 1.000000 0.000000 0.449553 0.383337 170 169 169 255
2.277164 1.260000 0.204805 0.000000 1.000000 0.000000 0.471731 0.341844 170 168 169 255
2.294236 1.260000 0.148527 -0.000000 1.000000 -0.000000 0.485388 0.296822 170 169 170 255
2.294236 1.260000 0.031473 0.000000 1.000000 0.000000 0.485388 0.203178 168 167 167 255
2.277164 1.260000 -0.024805 0.000000 1.000000 0.000000 0.471731 0.158156 165 164 164 255
2.249441 1.260000 -0.076671 0.000000 1.000000 0.000000 0.449553 0.116663 163 162 163 255
2.212132 1.260000 -0.122132 0.000000 1.000000 0.000000 0.419706 0.080294 159 159 159 255
2.166671 1.260000 -0.159441 0.000000 1.000000 0.000000 0.383337 0.050447 159 157 158 255
2.114805 1.260000 -0.187164 0.000000 1.000000 0.000000 0.341844 0.028269 156 154 155 255
2.058527 1.260000 -0.204236 -0.000000 1.000000 0.000000 0.296822 0.014612 154 153 153 255
1.941473 1.260000 -0.204236 0.000000 1.000000 0.000000 0.203178 0.014612 154 153 153 255
1.885195 1.260000 -0.187164 0.000000 1.000000 0.000000 0.158156 0.028269 155 153 154 255
1.833329 1.260000 -0.159441 0.000000 1.000000 0.000000 0.116663 0.050447 156 155 156 255
1.787868 1.260000 -0.122132 0.000000 1.000000 0.000000 0.080294 0.080294 158 157 158 255
1.750559 1.260000 -0.076671 0.000000 1.000000 0.000000 0.050447 0.116663 161 160 161 255
1.722836 1.260000 -0.024805 0.000000 1.000000 0.000000 0.028269 0.158156 163 162 163 255
1.705764 1.260000 0.031473 0.000000 1.000000 0.000000 0.014611 0.203179 167 165 166 255
1.700000 1.260000 0.090000 0.000000 1.000000 0.000000 0.010000 0.250000 169 168 169 255
1.705765 1.260000 0.148527 0.000000 1.000000 0.000000 0.014612 0.296822 173 172 172 255
1.722836 1.260000 0.204805 0.000000 1.000000 0.000000 0.028269 0.341844 174 173 174 255
1.750559 1.260000 0.256671 0.000000 1.000000 0.000000 0.050447 0.383337 175 174 174 255
1.787868 1.260000 0.302132 0.000000 1.000000 0.000000 0.080295 0.419706 176 175 176 255
1.833329 1.260000 0.339441 0.000000 1.000000 0.000000 0.116663 0.449553 173 171 172 255
1.885195 1.260000 0.367164 0.000000 1.000000 0.000000 0.158156 0.471731 172 171 172 255
1.941473 1.260000 0.384236 0.000000 1.000000 -0.000000 0.203179 0.485389 173 172 172 255
1.941473 1.260000 0.384236 -0.290283 0.000000 0.956941 0.031250 1.000000 173 172 172 255
2.000000 1.260000 0.390000 -0.098017 0.000000 0.995185 0.000000 1.000000 172 171 172 255
1.941473 1.860000 0.384236 0.000000 1.000000 0.000000 0.703179 0.485389 113 111 112 255
2.000000 1.860000 0.390000 0.000000 1.000000 0.000000 0.750000 0.490000 113 111 112 255
2.058527 1.860000 0.384236 0.000000 1.000000 0.000000 0.796822 0.485388 113 111 112 255
2.114805 1.860000 0.367164 0.000000 1.000000 0.000000 0.841844 0.471731 113 111 112 255
2.166671 1.860000 0.339441 0.000000 1.000000 0.000000 0.883337 0.449553 113 111 112 255
2.212132 1.860000 0.302132 0.000000 1.000000 0.000000 0.919706 0.419706 113 111 112 255
2.249441 1.860000 0.256671 0.000000 1.000000 0.000000 0.949553 0.383337 113 111 112 255
2.277164 1.860000 0.204805 -0.000000 1.000000 -0.000000 0.971731 0.341844 113 111 112 255
2.300000 1.860000 0.090000 0.000000 1.000000 -0.000000 0.990000 0.250000 113 111 112 255
2.294236 1.860000 0.031473 0.000000 1.000000 -0.000000 0.985388 0.203178 113 111 112 255
2.277164 1.860000 -0.024805 -0.000000 1.000000 0.000000 0.971731 0.158156 113 111 112 255
2.249441 1.860000 -0.076671 -0.000000 1.000000 0.000000 0.949553 0.116663 113 111 112 255
2.212132 1.860000 -0.122132 0.000000 1.000000 0.000000 0.919706 0.080294 113 111 112 255
2.166671 1.860000 -0.159441 0.000000 1.000000 0.000000 0.883337 0.050447 113 111 112 255
2.114805 1.860000 -0.187164 0.000000 1.000000 0.000000 0.841844 0.028269 113 111 112 255
2.000000 1.860000 -0.210000 -0.000000 1.000000 0.000000 0.750000 0.010000 113 111 112 255
1.941473 1.860000 -0.204236 -0.000000 1.000000 0.000000 0.703178 0.014612 113 111 112 255
1.885195 1.860000 -0.187164 0.000000 1.000000 0.000000 0.658156 0.028269 113 111 112 255
1.833329 1.860000 -0.159441 0.000000 1.000000 0.000000 0.616663 0.050447 113 111 112 255
1.787868 1.860000 -0.122132 0.000000 1.000000 0.000000 0.580294 0.080294 113 111 112 255
1.750559 1.860000 -0.076671 0.000000 1.000000 0.000000 0.550447 0.116663 113 111 112 255
1.722836 1.860000 -0.024805 0.000000 1.000000 0.000000 0.528269 0.158156 113 111 112 255
1.700000 1.860000 0.090000 0.000000 1.000000 0.000000 0.510000 0.250000 113 111 112 255
1.705765 1.860000 0.148527 0.000000 1.000000 0.000000 0.514612 0.296822 113 111 112 255
1.722836 1.860000 0.204805 0.000000 1.000000 0.000000 0.528269 0.341844 113 111 112 255
1.750559 1.860000 0.256671 0.000000 1.000000 0.000000 0.550447 0.383337 113 111 112 255
1.787868 1.860000 0.302132 0.000000 1.000000 0.000000 0.580295 0.419706 113 111 112 255
1.833329 1.860000 0.339441 0.000000 1.000000 0.000000 0.616663 0.449553 113 111 112 255
1.885195 1.860000 0.367164 0.000000 1.000000 0.000000 0.658156 0.471731 113 111 112 255
-2.000000 0.849999 0.690000 0.098017 0.000000 -0.995185 1.000000 1.000000 153 150 151 255
-2.117054 1.849999 0.678471 0.098017 0.000000 -0.995185 0.968750 0.500000 153 150 151 255
-2.000000 1.849999 0.690000 0.098017 0.000000 -0.995185 1.000000 0.500000 153 150 151 255
-2.117054 0.849999 0.678471 0.290285 0.000000 -0.956940 0.968750 1.000000 153 150 151 255
-2.229610 1.849999 0.644328 0.290285 0.000000 -0.956940 0.937500 0.500000 153 150 151 255
-2.117054 1.849999 0.678471 0.290285 0.000000 -0.956940 0.968750 0.500000 153 150 151 255
-2.229610 0.849999 0.644328 0.471396 0.000000 -0.881921 0.937500 1.000000 153 150 151 255
-2.333342 1.849999 0.588882 0.471396 0.000000 -0.881921 0.906250 0.500000 153 150 151 255
-2.229610 1.849999 0.644328 0.471396 0.000000 -0.881921 0.937500 0.500000 153 150 151 255
-2.333342 0.849999 0.588882 0.634394 0.000000 -0.773010 0.906250 1.000000 153 150 151 255
-2.424264 1.849999 0.514264 0.634394 0.000000 -0.773010 0.875000 0.500000 153 150 151 255
-2.333342 1.849999 0.588882 0.634394 0.000000 -0.773010 0.906250 0.500000 153 150 151 255
-2.424264 0.849999 0.514264 0.773010 0.000000 -0.634394 0.875000 1.000000 153 150 151 255
-2.498882 1.849999 0.423342 0.773010 0.000000 -0.634394 0.843750 0.500000 153 150 151 255
-2.424264 1.849999 0.514264 0.773010 0.000000 -0.634394 0.875000 0.500000 153 150 151 255
-2.498882 0.849999 0.423342 0.881921 0.000000 -0.471396 0.843750 1.000000 153 150 151 255
-2.554328 1.849999 0.319610 0.881921 0.000000 -0.471396 0.812500 0.500000 153 150 151 255
-2.498882 1.849999 0.423342 0.881921 0.000000 -0.471396 0.843750 0.500000 153 150 151 255
-2.554328 0.849999 0.319610 0.956940 0.000000 -0.290285 0.812500 1.000000 153 150 151 255
-2.588471 1.849999 0.207054 0.956940 0.000000 -0.290285 0.781250 0.500000 153 150 151 255
-2.554328 1.849999 0.319610 0.956940 0.000000 -0.290285 0.812500 0.500000 153 150 151 255
-2.588471 0.849999 0.207054 0.995185 0.000000 -0.098016 0.781250 1.000000 153 150 151 255
-2.600000 1.849999 0.090000 0.995185 0.000000 -0.098016 0.750000 0.500000 153 150 151 255
-2.588471 1.849999 0.207054 0.995185 0.000000 -0.098016 0.781250 0.500000 153 150 151 255
-2.600000 0.849999 0.090000 0.995185 -0.000000 0.098016 0.750000 1.000000 153 150 151 255
-2.588471 1.849999 -0.027054 0.995185 -0.000000 0.098016 0.718750 0.500000 153 150 151 255
-2.600000 1.849999 0.090000 0.995185 -0.000000 0.098016 0.750000 0.500000 153 150 151 255
-2.588471 0.849999 -0.027054 0.956940 -0.000000 0.290285 0.718750 1.000000 153 150 151 255
-2.554328 1.849999 -0.139610 0.956940 -0.000000 0.290285 0.687500 0.500000 153 150 151 255
-2.588471 1.849999 -0.027054 0.956940 -0.000000 0.290285 0.718750 0.500000 153 150 151 255
-2.554328 0.849999 -0.139610 0.881922 -0.000000 0.471396 0.687500 1.000000 153 150 151 255
-2.498882 1.849999 -0.243342 0.881922 -0.000000 0.471396 0.656250 0.500000 153 150 151 255
-2.554328 1.849999 -0.139610 0.881922 -0.000000 0.471396 0.687500 0.500000 153 150 151 255
-2.498882 0.849999 -0.243342 0.773010 -0.000000 0.634394 0.656250 1.000000 153 150 151 255
-2.424264 1.849999 -0.334264 0.773010 -0.000000 0.634394 0.625000 0.500000 153 150 151 255
-2.498882 1.849999 -0.243342 0.773010 -0.000000 0.634394 0.656250 0.500000 153 150 151 255
-2.424264 0.849999 -0.334264 0.634394 -0.000000 0.773010 0.625000 1.000000 153 150 151 255
-2.333342 1.849999 -0.408882 0.634394 -0.000000 0.773010 0.593750 0.500000 153 150 151 255
-2.424264 1.849999 -0.334264 0.634394 -0.000000 0.773010 0.625000 0.500000 153 150 151 255
-2.333342 0.849999 -0.408882 0.471397 -0.000000 0.881921 0.593750 1.000000 153 150 151 255
-2.229610 1.849999 -0.464328 0.471397 -0.000000 0.881921 0.562500 0.500000 153 150 151 255
-2.333342 1.849999 -0.408882 0.471397 -0.000000 0.881921 0.593750 0.500000 153 150 151 255
-2.229610 0.849999 -0.464328 0.290284 0.000000 0.956940 0.562500 1.000000 153 150 151 255
-2.117054 1.849999 -0.498471 0.290284 0.000000 0.956940 0.531250 0.500000 153 150 151 255
-2.229610 1.849999 -0.464328 0.290284 0.000000 0.956940 0.562500 0.500000 153 150 151 255
-2.117054 0.849999 -0.498471 0.098017 0.000000 0.995185 0.531250 1.000000 153 150 151 255
-2.000000 1.849999 -0.510000 0.098017 0.000000 0.995185 0.500000 0.500000 153 150 151 255
-2.117054 1.849999 -0.498471 0.098017 0.000000 0.995185 0.531250 0.500000 153 150 151 255
-2.000000 0.849999 -0.510000 -0.098018 0.000000 0.995185 0.500000 1.000000 153 150 151 255
-1.882946 1.849999 -0.498471 -0.098018 0.000000 0.995185 0.468750 0.500000 153 150 151 255
-2.000000 1.849999 -0.510000 -0.098018 0.000000 0.995185 0.500000 0.500000 153 150 151 255
-1.882946 0.849999 -0.498471 -0.290285 0.000000 0.956940 0.468750 1.000000 153 150 151 255
-1.770390 1.849999 -0.464328 -0.290285 0.000000 0.956940 0.437500 0.500000 153 150 151 255
-1.882946 1.849999 -0.498471 -0.290285 0.000000 0.956940 0.468750 0.500000 153 150 151 255
-1.770390 0.849999 -0.464328 -0.471397 0.000000 0.881921 0.437500 1.000000 153 150 151 255
-1.666658 1.849999 -0.408882 -0.471397 0.000000 0.881921 0.406250 0.500000 153 150 151 255
-1.770390 1.849999 -0.464328 -0.471397 0.000000 0.881921 0.437500 0.500000 153 150 151 255
-1.666658 0.849999 -0.408882 -0.634393 -0.000000 0.773010 0.406250 1.000000 153 150 151 255
-1.575736 1.849999 -0.334264 -0.634393 -0.000000 0.773010 0.375000 0.500000 153 150 151 255
-1.666658 1.849999 -0.408882 -0.634393 -0.000000 0.773010 0.406250 0.500000 153 150 151 255
-1.575736 0.849999 -0.334264 -0.773011 -0.000000 0.634392 0.375000 1.000000 153 150 151 255
-1.501118 1.849999 -0.243342 -0.773011 -0.000000 0.634392 0.343750 0.500000 153 150 151 255
-1.575736 1.849999 -0.334264 -0.773011 -0.000000 0.634392 0.375000 0.500000 153 150 151 255
-1.501118 0.849999 -0.243342 -0.881922 -0.000000 0.471396 0.343750 1.000000 153 150 151 255
-1.445672 1.849999 -0.139610 -0.881922 -0.000000 0.471396 0.312500 0.500000 153 150 151 255
-1.501118 1.849999 -0.243342 -0.881922 -0.000000 0.471396 0.343750 0.500000 153 150 151 255
-1.445672 0.849999 -0.139610 -0.956941 -0.000000 0.290284 0.312500 1.000000 153 150 151 255
-1.411529 1.849999 -0.027054 -0.956941 -0.000000 0.290284 0.281250 0.500000 153 150 151 255
-1.445672 1.849999 -0.139610 -0.956941 -0.000000 0.290284 0.312500 0.500000 153 150 151 255
-1.411529 0.849999 -0.027054 -0.995185 -0.000000 0.098016 0.281250 1.000000 153 150 151 255
-1.400000 1.849999 0.090001 -0.995185 -0.000000 0.098016 0.250000 0.500000 153 150 151 255
-1.411529 1.849999 -0.027054 -0.995185 -0.000000 0.098016 0.281250 0.500000 153 150 151 255
-1.400000 0.849999 0.090001 -0.995185 0.000000 -0.098018 0.250000 1.000000 153 150 151 255
-1.411529 1.849999 0.207055 -0.995185 0.000000 -0.098018 0.218750 0.500000 154 148 149 255
-1.400000 1.849999 0.090001 -0.995185 0.000000 -0.098018 0.250000 0.500000 153 150 151 255
-1.411529 0.849999 0.207055 -0.956940 0.000000 -0.290286 0.218750 1.000000 152 148 149 255
-1.445673 1.849999 0.319611 -0.956940 0.000000 -0.290286 0.187500 0.500000 155 147 149 255
-1.411529 1.849999 0.207055 -0.956940 0.000000 -0.290286 0.218750 0.500000 154 148 149 255
-1.445673 0.849999 0.319611 -0.881921 0.000000 -0.471398 0.187500 1.000000 153 148 150 255
-1.501119 1.849999 0.423343 -0.881921 0.000000 -0.471398 0.156250 0.500000 153 149 150 255
-1.445673 1.849999 0.319611 -0.881921 0.000000 -0.471398 0.187500 0.500000 155 147 149 255
-1.501119 0.849999 0.423343 -0.773009 0.000000 -0.634394 0.156250 1.000000 153 150 151 255
-1.575737 1.849999 0.514265 -0.773009 0.000000 -0.634394 0.125000 0.500000 153 150 151 255
-1.501119 1.849999 0.423343 -0.773009 0.000000 -0.634394 0.156250 0.500000 153 149 150 255
-1.575737 0.849999 0.514265 -0.634393 0.000000 -0.773011 0.125000 1.000000 153 150 151 255
-1.666659 1.849999 0.588882 -0.634393 0.000000 -0.773011 0.093750 0.500000 153 150 151 255
-1.575737 1.849999 0.514265 -0.634393 0.000000 -0.773011 0.125000 0.500000 153 150 151 255
-1.666659 0.849999 0.588882 -0.471396 0.000000 -0.881922 0.093750 1.000000 153 150 151 255
-1.770391 1.849999 0.644328 -0.471396 0.000000 -0.881922 0.062500 0.500000 153 150 151 255
-1.666659 1.849999 0.588882 -0.471396 0.000000 -0.881922 0.093750 0.500000 153 150 151 255
-1.445673 0.849999 0.319611 -0.000000 1.000000 0.000000 0.028269 0.341844 153 148 150 255
-1.770390 0.849999 -0.464328 -0.000000 1.000000 0.000000 0.158156 0.028269 153 150 151 255
-2.554328 0.849999 -0.139610 -0.000000 1.000000 0.000000 0.471731 0.158156 153 150 151 255
-1.770391 0.849999 0.644328 -0.290283 0.000000 -0.956941 0.062500 1.000000 153 150 151 255
-1.882947 1.849999 0.678471 -0.290283 0.000000 -0.956941 0.031250 0.500000 153 150 151 255
-1.770391 1.849999 0.644328 -0.290283 0.000000 -0.956941 0.062500 0.500000 153 150 151 255
-1.882947 0.849999 0.678471 -0.098017 0.000000 -0.995185 0.031250 1.000000 153 150 151 255
-2.000000 1.849999 0.690000 -0.098017 0.000000 -0.995185 0.000000 0.500000 153 150 151 255
-1.882947 1.849999 0.678471 -0.098017 0.000000 -0.995185 0.031250 0.500000 153 150 151 255
-2.588471 1.849999 0.207054 -0.000000 -1.000000 0.000000 0.985388 0.296822 153 150 151 255
-2.117054 1.849999 -0.498471 -0.000000 -1.000000 0.000000 0.796822 0.014612 153 150 151 255
-1.411529 1.849999 -0.027054 -0.000000 -1.000000 0.000000 0.514611 0.203179 153 150 151 255
-2.117054 0.849999 0.678471 0.098017 0.000000 -0.995185 0.968750 1.000000 153 150 151 255
-2.229610 0.849999 0.644328 0.290285 0.000000 -0.956940 0.937500 1.000000 153 150 151 255
-2.229610 0.849999 0.644328 0.471397 0.000000 -0.881921 0.937500 1.000000 153 150 151 255
-2.333342 0.849999 0.588882 0.471397 0.000000 -0.881921 0.906250 1.000000 153 150 151 255
-2.333342 1.849999 0.588882 0.471397 0.000000 -0.881921 0.906250 0.500000 153 150 151 255
-2.333342 0.849999 0.588882 0.634393 0.000000 -0.773010 0.906250 1.000000 153 150 151 255
-2.424264 0.849999 0.514264 0.634393 0.000000 -0.773010 0.875000 1.000000 153 150 151 255
-2.424264 1.849999 0.514264 0.634393 0.000000 -0.773010 0.875000 0.500000 153 150 151 255
-2.498882 0.849999 0.423342 0.773010 0.000000 -0.634394 0.843750 1.000000 153 150 151 255
-2.498882 0.849999 0.423342 0.881921 0.000000 -0.471397 0.843750 1.000000 153 150 151 255
-2.554328 0.849999 0.319610 0.881921 0.000000 -0.471397 0.812500 1.000000 153 150 151 255
-2.554328 1.849999 0.319610 0.881921 0.000000 -0.471397 0.812500 0.500000 153 150 151 255
-2.588471 0.849999 0.207054 0.956940 0.000000 -0.290285 0.781250 1.000000 153 150 151 255
-2.600000 0.849999 0.090000 0.995185 0.000000 -0.098016 0.750000 1.000000 153 150 151 255
-2.588471 0.849999 -0.027054 0.995185 -0.000000 0.098016 0.718750 1.000000 153 150 151 255
-2.554328 0.849999 -0.139610 0.956940 -0.000000 0.290285 0.687500 1.000000 153 150 151 255
-2.498882 0.849999 -0.243342 0.881922 -0.000000 0.471396 0.656250 1.000000 153 150 151 255
-2.424264 0.849999 -0.334264 0.773010 -0.000000 0.634394 0.625000 1.000000 153 150 151 255
-2.333342 0.849999 -0.408882 0.634394 -0.000000 0.773010 0.593750 1.000000 153 150 151 255
-2.229610 0.849999 -0.464328 0.471397 0.000000 0.881921 0.562500 1.000000 153 150 151 255
-2.117054 0.849999 -0.498471 0.290284 0.000000 0.956940 0.531250 1.000000 153 150 151 255
-2.000000 0.849999 -0.510000 0.098017 0.000000 0.995185 0.500000 1.000000 153 150 151 255
-1.882946 0.849999 -0.498471 -0.098018 0.000000 0.995185 0.468750 1.000000 153 150 151 255
-1.770390 0.849999 -0.464328 -0.290285 0.000000 0.956940 0.437500 1.000000 153 150 151 255
-1.666658 0.849999 -0.408882 -0.471397 -0.000000 0.881921 0.406250 1.000000 153 150 151 255
-1.575736 0.849999 -0.334264 -0.634393 -0.000000 0.773010 0.375000 1.000000 153 150 151 255
-1.501118 0.849999 -0.243342 -0.773011 -0.000000 0.634392 0.343750 1.000000 153 150 151 255
-1.445672 0.849999 -0.139610 -0.881922 -0.000000 0.471396 0.312500 1.000000 153 150 151 255
-1.411529 0.849999 -0.027054 -0.956941 -0.000000 0.290284 0.281250 1.000000 153 150 151 255
-1.400000 0.849999 0.090001 -0.995185 -0.000000 0.098016 0.250000 1.000000 153 150 151 255
-1.411529 0.849999 0.207055 -0.995185 0.000000 -0.098018 0.218750 1.000000 152 148 149 255
-1.445673 0.849999 0.319611 -0.956940 0.000000 -0.290286 0.187500 1.000000 153 148 150 255
-1.501119 0.849999 0.423343 -0.881921 0.000000 -0.471398 0.156250 1.000000 153 150 151 255
-1.575737 0.849999 0.514265 -0.773009 0.000000 -0.634394 0.125000 1.000000 153 150 151 255
-1.666659 0.849999 0.588882 -0.634393 0.000000 -0.773011 0.093750 1.000000 153 150 151 255
-1.770391 0.849999 0.644328 -0.471396 -0.000000 -0.881922 0.062500 1.000000 153 150 151 255
-2.229610 0.849999 0.644328 0.000000 1.000000 0.000000 0.341844 0.471731 153 150 151 255
-2.117054 0.849999 0.678471 0.000000 1.000000 0.000000 0.296822 0.485388 153 150 151 255
-2.000000 0.849999 0.690000 0.000000 1.000000 0.000000 0.250000 0.490000 153 150 151 255
-1.882947 0.849999 0.678471 0.000000 1.000000 -0.000000 0.203179 0.485389 153 150 151 255
-1.770391 0.849999 0.644328 0.000000 1.000000 -0.000000 0.158156 0.471731 153 150 151 255
-1.666659 0.849999 0.588882 0.000000 1.000000 0.000000 0.116663 0.449553 153 150 151 255
-1.575737 0.849999 0.514265 0.000000 1.000000 0.000000 0.080295 0.419706 153 150 151 255
-1.501119 0.849999 0.423343 0.000000 1.000000 0.000000 0.050447 0.383337 153 150 151 255
-1.411529 0.849999 0.207055 0.000000 1.000000 0.000000 0.014612 0.296822 152 148 149 255
-1.400000 0.849999 0.090001 0.000000 1.000000 0.000000 0.010000 0.250000 153 150 151 255
-1.411529 0.849999 -0.027054 -0.000000 1.000000 0.000000 0.014611 0.203179 153 150 151 255
-1.445672 0.849999 -0.139610 -0.000000 1.000000 0.000000 0.028269 0.158156 153 150 151 255
-1.501118 0.849999 -0.243342 0.000000 1.000000 0.000000 0.050447 0.116663 153 150 151 255
-1.575736 0.849999 -0.334264 0.000000 1.000000 0.000000 0.080294 0.080294 153 150 151 255
-1.666658 0.849999 -0.408882 0.000000 1.000000 0.000000 0.116663 0.050447 153 150 151 255
-1.882946 0.849999 -0.498471 0.000000 1.000000 0.000000 0.203178 0.014612 153 150 151 255
-2.000000 0.849999 -0.510000 0.000000 1.000000 0.000000 0.250000 0.010000 153 150 151 255
-2.117054 0.849999 -0.498471 0.000000 1.000000 0.000000 0.296822 0.014612 153 150 151 255
-2.229610 0.849999 -0.464328 0.000000 1.000000 0.000000 0.341844 0.028269 153 150 151 255
-2.333342 0.849999 -0.408882 0.000000 1.000000 0.000000 0.383337 0.050447 153 150 151 255
-2.424264 0.849999 -0.334264 0.000000 1.000000 0.000000 0.419706 0.080294 153 150 151 255
-2.498882 0.849999 -0.243342 0.000000 1.000000 0.000000 0.449553 0.116663 153 150 151 255
-2.588471 0.849999 -0.027054 0.000000 1.000000 0.000000 0.485388 0.203178 153 150 151 255
-2.600000 0.849999 0.090000 0.000000 1.000000 0.000000 0.490000 0.250000 153 150 151 255
-2.588471 0.849999 0.207054 0.000000 1.000000 0.000000 0.485388 0.296822 153 150 151 255
-2.554328 0.849999 0.319610 0.000000 1.000000 -0.000000 0.471731 0.341844 153 150 151 255
-2.498882 0.849999 0.423342 0.000000 1.000000 0.000000 0.449553 0.383337 153 150 151 255
-2.424264 0.849999 0.514264 0.000000 1.000000 0.000000 0.419706 0.419706 153 150 151 255
-2.333342 0.849999 0.588882 0.000000 1.000000 0.000000 0.383337 0.449553 153 150 151 255
-1.882947 0.849999 0.678471 -0.290283 -0.000000 -0.956941 0.031250 1.000000 153 150 151 255
-2.000000 0.849999 0.690000 -0.098017 -0.000000 -0.995185 0.000000 1.000000 153 150 151 255
-1.882947 1.849999 0.678471 0.000000 -1.000000 0.000000 0.703179 0.485389 153 150 151 255
-2.000000 1.849999 0.690000 0.000000 -1.000000 0.000000 0.750000 0.490000 153 150 151 255
-2.117054 1.849999 0.678471 0.000000 -1.000000 0.000000 0.796822 0.485388 153 150 151 255
-2.229610 1.849999 0.644328 0.000000 -1.000000 0.000000 0.841844 0.471731 153 150 151 255
-2.333342 1.849999 0.588882 0.000000 -1.000000 0.000000 0.883337 0.449553 153 150 151 255
-2.424264 1.849999 0.514264 0.000000 -1.000000 0.000000 0.919706 0.419706 153 150 151 255
-2.498882 1.849999 0.423342 0.000000 -1.000000 0.000000 0.949553 0.383337 153 150 151 255
-2.554328 1.849999 0.319610 -0.000000 -1.000000 0.000000 0.971731 0.341844 153 150 151 255
-2.600000 1.849999 0.090000 0.000000 -1.000000 0.000000 0.990000 0.250000 153 150 151 255
-2.588471 1.849999 -0.027054 0.000000 -1.000000 0.000000 0.985388 0.203178 153 150 151 255
-2.554328 1.849999 -0.139610 -0.000000 -1.000000 -0.000000 0.971731 0.158156 153 150 151 255
-2.498882 1.849999 -0.243342 -0.000000 -1.000000 -0.000000 0.949553 0.116663 153 150 151 255
-2.424264 1.849999 -0.334264 0.000000 -1.000000 0.000000 0.919706 0.080294 153 150 151 255
-2.333342 1.849999 -0.408882 0.000000 -1.000000 0.000000 0.883337 0.050447 153 150 151 255
-2.229610 1.849999 -0.464328 0.000000 -1.000000 0.000000 0.841844 0.028269 153 150 151 255
-2.000000 1.849999 -0.510000 -0.000000 -1.000000 0.000000 0.750000 0.010000 153 150 151 255
-1.882946 1.849999 -0.498471 -0.000000 -1.000000 0.000000 0.703178 0.014612 153 150 151 255
-1.770390 1.849999 -0.464328 0.000000 -1.000000 0.000000 0.658156 0.028269 153 150 151 255
-1.666658 1.849999 -0.408882 0.000000 -1.000000 0.000000 0.616663 0.050447 153 150 151 255
-1.575736 1.849999 -0.334264 0.000000 -1.000000 0.000000 0.580294 0.080294 153 150 151 255
-1.501118 1.849999 -0.243342 0.000000 -1.000000 0.000000 0.550447 0.116663 153 150 151 255
-1.445672 1.849999 -0.139610 0.000000 -1.000000 0.000000 0.528269 0.158156 153 150 151 255
-1.400000 1.849999 0.090001 0.000000 -1.000000 -0.000000 0.510000 0.250000 153 150 151 255
-1.411529 1.849999 0.207055 0.000000 -1.000000 -0.000000 0.514612 0.296822 154 148 149 255
-1.445673 1.849999 0.319611 0.000000 -1.000000 0.000000 0.528269 0.341844 155 147 149 255
-1.501119 1.849999 0.423343 0.000000 -1.000000 0.000000 0.550447 0.383337 153 149 150 255
-1.575737 1.849999 0.514265 0.000000 -1.000000 0.000000 0.580295 0.419706 153 150 151 255
-1.666659 1.849999 0.588882 0.000000 -1.000000 0.000000 0.616663 0.449553 153 150 151 255
-1.770391 1.849999 0.644328 0.000000 -1.000000 0.000000 0.658156 0.471731 153 150 151 255
2.597898 -0.617974 1.055968 0.003491 -0.000012 0.999994 1.000000 0.000000 228 170 43 255
1.402102 0.586208 1.060157 0.003491 -0.000012 0.999994 0.000000 1.000000 228 170 43 255
1.397913 -0.613785 1.060157 0.003491 -0.000012 0.999994 0.000000 0.000000 228 170 43 255
2.602087 0.582019 1.055968 0.003491 -0.000012 0.999994 1.000000 1.000000 228 170 43 255