//right
-3.000000 1.000000 1.049905 0.000000 0.000000 1.000000 0.875000 0.500000 255 255 255 255
-1.000000 -1.000000 1.049905 0.000000 0.000000 1.000000 0.625000 0.750000 251 247 248 255
-1.000000 1.000000 1.049905 0.000000 0.000000 1.000000 0.625000 0.500000 251 247 248 255
-1.000000 -1.000000 1.049905 0.000000 -1.000000 0.000000 0.625000 0.750000 251 247 248 255
-3.000000 -1.000000 -0.950095 0.000000 -1.000000 0.000000 0.375000 1.000000 255 255 255 255
-1.000000 -1.000000 -0.950095 0.000000 -1.000000 0.000000 0.375000 0.750000 255 255 255 255
-3.000000 -1.000000 1.049905 -1.000000 0.000000 0.000000 0.625000 0.000000 252 250 250 255
-3.000000 1.000000 -0.950095 -1.000000 0.000000 0.000000 0.375000 0.250000 255 255 255 255
-3.000000 -1.000000 -0.950095 -1.000000 0.000000 0.000000 0.375000 0.000000 255 255 255 255
-1.000000 1.000000 -0.950095 0.000000 0.000000 -1.000000 0.375000 0.500000 255 255 255 255
-3.000000 -1.000000 -0.950095 0.000000 0.000000 -1.000000 0.125000 0.750000 255 255 255 255
-3.000000 1.000000 -0.950095 0.000000 0.000000 -1.000000 0.125000 0.500000 255 255 255 255
-1.000000 1.000000 1.049905 1.000000 0.000000 -0.000000 0.625000 0.500000 251 247 248 255
-1.000000 -1.000000 -0.950095 1.000000 0.000000 -0.000000 0.375000 0.750000 255 255 255 255
-1.000000 1.000000 -0.950095 1.000000 0.000000 -0.000000 0.375000 0.500000 255 255 255 255
-3.000000 1.000000 1.049905 0.000000 1.000000 -0.000000 0.625000 0.250000 255 255 255 255
-1.000000 1.000000 -0.950095 0.000000 1.000000 -0.000000 0.375000 0.500000 255 255 255 255
-3.000000 1.000000 -0.950095 0.000000 1.000000 -0.000000 0.375000 0.250000 255 255 255 255
-3.000000 -1.000000 1.049905 0.000000 -0.000000 1.000000 0.875000 0.750000 252 250 250 255
-3.000000 -1.000000 1.049905 0.000000 -1.000000 0.000000 0.625000 1.000000 252 250 250 255
-3.000000 1.000000 1.049905 -1.000000 0.000000 0.000000 0.625000 0.250000 255 255 255 255
-1.000000 -1.000000 -0.950095 0.000000 0.000000 -1.000000 0.375000 0.750000 255 255 255 255
-1.000000 -1.000000 1.049905 1.000000 0.000000 0.000000 0.625000 0.750000 251 247 248 255
-1.000000 1.000000 1.049905 0.000000 1.000000 -0.000000 0.625000 0.500000 251 247 248 255
-2.000000 0.300000 1.850905 0.098017 0.995185 0.000000 1.000000 1.000000 255 255 255 255
-1.941473 0.294236 1.250905 0.098017 0.995185 0.000000 0.968750 0.500000 255 255 255 255
-2.000000 0.300000 1.250905 0.098017 0.995185 0.000000 1.000000 0.500000 255 255 255 255
-1.941473 0.294236 1.850905 0.290285 0.956940 0.000000 0.968750 1.000000 255 255 255 255
-1.885195 0.277164 1.250905 0.290285 0.956940 0.000000 0.937500 0.500000 255 255 255 255
-1.941473 0.294236 1.250905 0.290285 0.956940 0.000000 0.968750 0.500000 255 255 255 255
-1.885195 0.277164 1.850905 0.471397 0.881921 0.000000 0.937500 1.000000 255 255 255 255
-1.833329 0.249441 1.250905 0.471397 0.881921 0.000000 0.906250 0.500000 255 255 255 255
-1.885195 0.277164 1.250905 0.471397 0.881921 0.000000 0.937500 0.500000 255 255 255 255
-1.833329 0.249441 1.850905 0.634394 0.773010 0.000000 0.906250 1.000000 255 255 255 255
-1.787868 0.212132 1.250905 0.634394 0.773010 0.000000 0.875000 0.500000 255 255 255 255
-1.833329 0.249441 1.250905 0.634394 0.773010 0.000000 0.906250 0.500000 255 255 255 255
-1.787868 0.212132 1.850905 0.773010 0.634394 0.000000 0.875000 1.000000 255 255 255 255
-1.750559 0.166671 1.250905 0.773010 0.634394 0.000000 0.843750 0.500000 255 255 255 255
-1.787868 0.212132 1.250905 0.773010 0.634394 0.000000 0.875000 0.500000 255 255 255 255
-1.750559 0.166671 1.850905 0.881921 0.471397 0.000000 0.843750 1.000000 255 255 255 255
-1.722836 0.114805 1.250905 0.881921 0.471397 0.000000 0.812500 0.500000 255 255 255 255
-1.750559 0.166671 1.250905 0.881921 0.471397 0.000000 0.843750 0.500000 255 255 255 255
-1.722836 0.114805 1.850905 0.956940 0.290285 0.000000 0.812500 1.000000 255 255 255 255
-1.705764 0.058527 1.250905 0.956940 0.290285 0.000000 0.781250 0.500000 255 255 255 255
-1.722836 0.114805 1.250905 0.956940 0.290285 0.000000 0.812500 0.500000 255 255 255 255
-1.705764 0.058527 1.850905 0.995185 0.098016 0.000000 0.781250 1.000000 255 255 255 255
-1.700000 0.000000 1.250905 0.995185 0.098016 0.000000 0.750000 0.500000 255 255 255 255
-1.705764 0.058527 1.250905 0.995185 0.098016 0.000000 0.781250 0.500000 255 255 255 255
-1.700000 0.000000 1.850905 0.995185 -0.098016 0.000000 0.750000 1.000000 255 255 255 255
-1.705764 -0.058527 1.250905 0.995185 -0.098016 0.000000 0.718750 0.500000 255 255 255 255
-1.700000 0.000000 1.250905 0.995185 -0.098016 0.000000 0.750000 0.500000 255 255 255 255
-1.705764 -0.058527 1.850905 0.956940 -0.290285 0.000000 0.718750 1.000000 255 255 255 255
-1.722836 -0.114805 1.250905 0.956940 -0.290285 0.000000 0.687500 0.500000 255 255 255 255
-1.705764 -0.058527 1.250905 0.956940 -0.290285 0.000000 0.718750 0.500000 255 255 255 255
-1.722836 -0.114805 1.850905 0.881922 -0.471396 0.000000 0.687500 1.000000 255 255 255 255
-1.750559 -0.166671 1.250905 0.881922 -0.471396 0.000000 0.656250 0.500000 255 255 255 255
-1.722836 -0.114805 1.250905 0.881922 -0.471396 0.000000 0.687500 0.500000 255 255 255 255
-1.750559 -0.166671 1.850905 0.773010 -0.634394 0.000000 0.656250 1.000000 255 255 255 255
-1.787868 -0.212132 1.250905 0.773010 -0.634394 0.000000 0.625000 0.500000 255 255 255 255
-1.750559 -0.166671 1.250905 0.773010 -0.634394 0.000000 0.656250 0.500000 255 255 255 255
-1.787868 -0.212132 1.850905 0.634394 -0.773010 0.000000 0.625000 1.000000 255 255 255 255
-1.833329 -0.249441 1.250905 0.634394 -0.773010 0.000000 0.593750 0.500000 255 255 255 255
-1.787868 -0.212132 1.250905 0.634394 -0.773010 0.000000 0.625000 0.500000 255 255 255 255
-1.833329 -0.249441 1.850905 0.471397 -0.881921 0.000000 0.593750 1.000000 255 255 255 255
-1.885195 -0.277164 1.250905 0.471397 -0.881921 0.000000 0.562500 0.500000 255 255 255 255
-1.833329 -0.249441 1.250905 0.471397 -0.881921 0.000000 0.593750 0.500000 255 255 255 255
-1.885195 -0.277164 1.850905 0.290284 -0.956940 0.000000 0.562500 1.000000 255 255 255 255
-1.941473 -0.294236 1.250905 0.290284 -0.956940 0.000000 0.531250 0.500000 255 255 255 255
-1.885195 -0.277164 1.250905 0.290284 -0.956940 0.000000 0.562500 0.500000 255 255 255 255
-1.941473 -0.294236 1.850905 0.098017 -0.995185 0.000000 0.531250 1.000000 255 255 255 255
-2.000000 -0.300000 1.250905 0.098017 -0.995185 0.000000 0.500000 0.500000 255 255 255 255
-1.941473 -0.294236 1.250905 0.098017 -0.995185 0.000000 0.531250 0.500000 255 255 255 255
-2.000000 -0.300000 1.850905 -0.098018 -0.995185 0.000000 0.500000 1.000000 255 255 255 255
-2.058527 -0.294236 1.250905 -0.098018 -0.995185 0.000000 0.468750 0.500000 255 255 255 255
-2.000000 -0.300000 1.250905 -0.098018 -0.995185 0.000000 0.500000 0.500000 255 255 255 255
-2.058527 -0.294236 1.850905 -0.290285 -0.956940 0.000000 0.468750 1.000000 255 255 255 255
-2.114805 -0.277164 1.250905 -0.290285 -0.956940 0.000000 0.437500 0.500000 255 255 255 255
-2.058527 -0.294236 1.250905 -0.290285 -0.956940 0.000000 0.468750 0.500000 255 255 255 255
-2.114805 -0.277164 1.850905 -0.471397 -0.881921 0.000000 0.437500 1.000000 255 255 255 255
-2.166671 -0.249441 1.250905 -0.471397 -0.881921 0.000000 0.406250 0.500000 255 255 255 255
-2.114805 -0.277164 1.250905 -0.471397 -0.881921 0.000000 0.437500 0.500000 255 255 255 255
-2.166671 -0.249441 1.850905 -0.634394 -0.773010 0.000000 0.406250 1.000000 255 255 255 255
-2.212132 -0.212132 1.250905 -0.634394 -0.773010 0.000000 0.375000 0.500000 255 255 255 255
-2.166671 -0.249441 1.250905 -0.634394 -0.773010 0.000000 0.406250 0.500000 255 255 255 255
-2.212132 -0.212132 1.850905 -0.773012 -0.634391 0.000000 0.375000 1.000000 255 255 255 255
-2.249441 -0.166671 1.250905 -0.773012 -0.634391 0.000000 0.343750 0.500000 255 255 255 255
-2.212132 -0.212132 1.250905 -0.773012 -0.634391 0.000000 0.375000 0.500000 255 255 255 255
-2.249441 -0.166671 1.850905 -0.881921 -0.471398 0.000000 0.343750 1.000000 255 255 255 255
-2.277164 -0.114805 1.250905 -0.881921 -0.471398 0.000000 0.312500 0.500000 255 255 255 255
-2.249441 -0.166671 1.250905 -0.881921 -0.471398 0.000000 0.343750 0.500000 255 255 255 255
-2.277164 -0.114805 1.850905 -0.956940 -0.290284 0.000000 0.312500 1.000000 255 255 255 255
-2.294236 -0.058527 1.250905 -0.956940 -0.290284 0.000000 0.281250 0.500000 255 255 255 255
-2.277164 -0.114805 1.250905 -0.956940 -0.290284 0.000000 0.312500 0.500000 255 255 255 255
-2.294236 -0.058527 1.850905 -0.995185 -0.098014 0.000000 0.281250 1.000000 255 255 255 255
-2.300000 0.000000 1.250905 -0.995185 -0.098014 0.000000 0.250000 0.500000 255 255 255 255
-2.294236 -0.058527 1.250905 -0.995185 -0.098014 0.000000 0.281250 0.500000 255 255 255 255
-2.300000 0.000000 1.850905 -0.995185 0.098018 0.000000 0.250000 1.000000 255 255 255 255
-2.294235 0.058527 1.250905 -0.995185 0.098018 0.000000 0.218750 0.500000 255 255 255 255
-2.300000 0.000000 1.250905 -0.995185 0.098018 0.000000 0.250000 0.500000 255 255 255 255
-2.294235 0.058527 1.850905 -0.956940 0.290285 0.000000 0.218750 1.000000 255 255 255 255
-2.277164 0.114805 1.250905 -0.956940 0.290285 0.000000 0.187500 0.500000 255 255 255 255
-2.294235 0.058527 1.250905 -0.956940 0.290285 0.000000 0.218750 0.500000 255 255 255 255
-2.277164 0.114805 1.850905 -0.881921 0.471398 0.000000 0.187500 1.000000 255 255 255 255
-2.249441 0.166671 1.250905 -0.881921 0.471398 0.000000 0.156250 0.500000 255 255 255 255
-2.277164 0.114805 1.250905 -0.881921 0.471398 0.000000 0.187500 0.500000 255 255 255 255
-2.249441 0.166671 1.850905 -0.773009 0.634394 0.000000 0.156250 1.000000 255 255 255 255
-2.212132 0.212132 1.250905 -0.773009 0.634394 0.000000 0.125000 0.500000 255 255 255 255
-2.249441 0.166671 1.250905 -0.773009 0.634394 0.000000 0.156250 0.500000 255 255 255 255
-2.212132 0.212132 1.850905 -0.634393 0.773011 0.000000 0.125000 1.000000 255 255 255 255
-2.166671 0.249441 1.250905 -0.634393 0.773011 0.000000 0.093750 0.500000 255 255 255 255
-2.212132 0.212132 1.250905 -0.634393 0.773011 0.000000 0.125000 0.500000 255 255 255 255
-2.166671 0.249441 1.850905 -0.471396 0.881922 0.000000 0.093750 1.000000 255 255 255 255
-2.114805 0.277164 1.250905 -0.471396 0.881922 0.000000 0.062500 0.500000 255 255 255 255
-2.166671 0.249441 1.250905 -0.471396 0.881922 0.000000 0.093750 0.500000 255 255 255 255
-2.000000 0.300000 1.850905 0.000000 0.000000 -1.000000 0.250000 0.490000 255 255 255 255
-1.700000 0.000000 1.850905 0.000000 0.000000 -1.000000 0.490000 0.250000 255 255 255 255
-2.000000 -0.300000 1.850905 0.000000 0.000000 -1.000000 0.250000 0.010000 255 255 255 255
-2.114805 0.277164 1.850905 -0.290283 0.956941 0.000000 0.062500 1.000000 255 255 255 255
-2.058527 0.294236 1.250905 -0.290283 0.956941 0.000000 0.031250 0.500000 255 255 255 255
-2.114805 0.277164 1.250905 -0.290283 0.956941 0.000000 0.062500 0.500000 255 255 255 255
-2.058527 0.294236 1.850905 -0.098016 0.995185 0.000000 0.031250 1.000000 255 255 255 255
-2.000000 0.300000 1.250905 -0.098016 0.995185 0.000000 0.000000 0.500000 255 255 255 255
-2.058527 0.294236 1.250905 -0.098016 0.995185 0.000000 0.031250 0.500000 255 255 255 255
-1.705764 0.058527 1.250905 0.000000 0.000000 -1.000000 0.985388 0.296822 255 255 255 255
-1.941473 -0.294236 1.250905 0.000000 0.000000 -1.000000 0.796822 0.014612 255 255 255 255
-2.294236 -0.058527 1.250905 0.000000 0.000000 -1.000000 0.514611 0.203179 255 255 255 255
-1.941473 0.294236 1.850905 0.098017 0.995185 -0.000000 0.968750 1.000000 255 255 255 255
-1.885195 0.277164 1.850905 0.290285 0.956940 -0.000000 0.937500 1.000000 255 255 255 255
-1.833329 0.249441 1.850905 0.471397 0.881921 -0.000000 0.906250 1.000000 255 255 255 255
-1.787868 0.212132 1.850905 0.634394 0.773010 -0.000000 0.875000 1.000000 255 255 255 255
-1.750559 0.166671 1.850905 0.773010 0.634394 -0.000000 0.843750 1.000000 255 255 255 255
-1.722836 0.114805 1.850905 0.881921 0.471397 -0.000000 0.812500 1.000000 255 255 255 255
-1.705764 0.058527 1.850905 0.956940 0.290285 -0.000000 0.781250 1.000000 255 255 255 255
-1.700000 0.000000 1.850905 0.995185 0.098016 -0.000000 0.750000 1.000000 255 255 255 255
-1.705764 -0.058527 1.850905 0.995185 -0.098016 0.000000 0.718750 1.000000 255 255 255 255
-1.722836 -0.114805 1.850905 0.956940 -0.290285 0.000000 0.687500 1.000000 255 255 255 255
-1.750559 -0.166671 1.850905 0.881922 -0.471396 0.000000 0.656250 1.000000 255 255 255 255
-1.787868 -0.212132 1.850905 0.773010 -0.634394 0.000000 0.625000 1.000000 255 255 255 255
-1.833329 -0.249441 1.850905 0.634394 -0.773010 0.000000 0.593750 1.000000 255 255 255 255
-1.885195 -0.277164 1.850905 0.471397 -0.881921 0.000000 0.562500 1.000000 255 255 255 255
-1.941473 -0.294236 1.850905 0.290284 -0.956940 0.000000 0.531250 1.000000 255 255 255 255
-2.000000 -0.300000 1.850905 0.098017 -0.995185 0.000000 0.500000 1.000000 255 255 255 255
-2.058527 -0.294236 1.850905 -0.098018 -0.995185 0.000000 0.468750 1.000000 255 255 255 255
-2.114805 -0.277164 1.850905 -0.290285 -0.956940 0.000000 0.437500 1.000000 255 255 255 255
-2.166671 -0.249441 1.850905 -0.471397 -0.881921 0.000000 0.406250 1.000000 255 255 255 255
-2.212132 -0.212132 1.850905 -0.634394 -0.773010 0.000000 0.375000 1.000000 255 255 255 255
-2.249441 -0.166671 1.850905 -0.773012 -0.634391 0.000000 0.343750 1.000000 255 255 255 255
-2.277164 -0.114805 1.850905 -0.881921 -0.471398 0.000000 0.312500 1.000000 255 255 255 255
-2.294236 -0.058527 1.850905 -0.956940 -0.290284 0.000000 0.281250 1.000000 255 255 255 255
-2.300000 0.000000 1.850905 -0.995185 -0.098014 0.000000 0.250000 1.000000 255 255 255 255
-2.294235 0.058527 1.850905 -0.995185 0.098018 0.000000 0.218750 1.000000 255 255 255 255
-2.277164 0.114805 1.850905 -0.956940 0.290285 0.000000 0.187500 1.000000 255 255 255 255
-2.249441 0.166671 1.850905 -0.881921 0.471398 0.000000 0.156250 1.000000 255 255 255 255
-2.212132 0.212132 1.850905 -0.773009 0.634394 0.000000 0.125000 1.000000 255 255 255 255
-2.166671 0.249441 1.850905 -0.634393 0.773011 0.000000 0.093750 1.000000 255 255 255 255
-2.114805 0.277164 1.850905 -0.471396 0.881922 0.000000 0.062500 1.000000 255 255 255 255
-1.941473 0.294236 1.850905 0.000000 0.000000 -1.000000 0.296822 0.485388 255 255 255 255
-1.787868 0.212132 1.850905 0.000000 0.000000 -1.000000 0.419706 0.419706 255 255 255 255
-1.885195 0.277164 1.850905 0.000000 0.000000 -1.000000 0.341844 0.471731 255 255 255 255
-1.833329 0.249441 1.850905 0.000000 0.000000 -1.000000 0.383337 0.449553 255 255 255 255
-1.750559 0.166671 1.850905 0.000000 0.000000 -1.000000 0.449553 0.383337 255 255 255 255
-1.722836 0.114805 1.850905 0.000000 0.000000 -1.000000 0.471731 0.341844 255 255 255 255
-1.705764 0.058527 1.850905 0.000000 0.000000 -1.000000 0.485388 0.296822 255 255 255 255
-1.705764 -0.058527 1.850905 0.000000 0.000000 -1.000000 0.485388 0.203178 255 255 255 255
-1.722836 -0.114805 1.850905 0.000000 0.000000 -1.000000 0.471731 0.158156 255 255 255 255
-1.750559 -0.166671 1.850905 0.000000 0.000000 -1.000000 0.449553 0.116663 255 255 255 255
-1.787868 -0.212132 1.850905 0.000000 0.000000 -1.000000 0.419706 0.080294 255 255 255 255
-1.833329 -0.249441 1.850905 0.000000 0.000000 -1.000000 0.383337 0.050447 255 255 255 255
-1.885195 -0.277164 1.850905 0.000000 0.000000 -1.000000 0.341844 0.028269 255 255 255 255
-1.941473 -0.294236 1.850905 0.000000 -0.000000 -1.000000 0.296822 0.014612 255 255 255 255
-2.058527 -0.294236 1.850905 0.000000 0.000000 -1.000000 0.203178 0.014612 255 255 255 255
-2.114805 -0.277164 1.850905 0.000000 0.000000 -1.000000 0.158156 0.028269 255 255 255 255
-2.166671 -0.249441 1.850905 0.000000 0.000000 -1.000000 0.116663 0.050447 255 255 255 255
-2.212132 -0.212132 1.850905 0.000000 0.000000 -1.000000 0.080294 0.080294 255 255 255 255
-2.249441 -0.166671 1.850905 0.000000 0.000000 -1.000000 0.050447 0.116663 255 255 255 255
-2.277164 -0.114805 1.850905 0.000000 0.000000 -1.000000 0.028269 0.158156 255 255 255 255
-2.294236 -0.058527 1.850905 -0.000000 -0.000000 -1.000000 0.014611 0.203179 255 255 255 255
-2.300000 0.000000 1.850905 -0.000000 -0.000000 -1.000000 0.010000 0.250000 255 255 255 255
-2.294235 0.058527 1.850905 0.000000 0.000000 -1.000000 0.014612 0.296822 255 255 255 255
-2.277164 0.114805 1.850905 0.000000 0.000000 -1.000000 0.028269 0.341844 255 255 255 255
-2.249441 0.166671 1.850905 0.000000 0.000000 -1.000000 0.050447 0.383337 255 255 255 255
-2.212132 0.212132 1.850905 0.000000 0.000000 -1.000000 0.080295 0.419706 255 255 255 255
-2.166671 0.249441 1.850905 0.000000 0.000000 -1.000000 0.116663 0.449553 255 255 255 255
-2.114805 0.277164 1.850905 0.000000 0.000000 -1.000000 0.158156 0.471731 255 255 255 255
-2.058527 0.294236 1.850905 -0.000000 0.000000 -1.000000 0.203179 0.485389 255 255 255 255
-2.058527 0.294236 1.850905 -0.290283 0.956941 0.000000 0.031250 1.000000 255 255 255 255
-2.000000 0.300000 1.850905 -0.098016 0.995185 0.000000 0.000000 1.000000 255 255 255 255
-2.058527 0.294236 1.250905 -0.000000 0.000000 -1.000000 0.703179 0.485389 255 255 255 255
-2.000000 0.300000 1.250905 -0.000000 0.000000 -1.000000 0.750000 0.490000 255 255 255 255
-1.941473 0.294236 1.250905 -0.000000 0.000000 -1.000000 0.796822 0.485388 255 255 255 255
-1.885195 0.277164 1.250905 0.000000 0.000000 -1.000000 0.841844 0.471731 255 255 255 255
-1.833329 0.249441 1.250905 0.000000 0.000000 -1.000000 0.883337 0.449553 255 255 255 255
-1.787868 0.212132 1.250905 0.000000 0.000000 -1.000000 0.919706 0.419706 255 255 255 255
-1.750559 0.166671 1.250905 0.000000 0.000000 -1.000000 0.949553 0.383337 255 255 255 255
-1.722836 0.114805 1.250905 0.000000 0.000000 -1.000000 0.971731 0.341844 255 255 255 255
-1.700000 0.000000 1.250905 0.000000 0.000000 -1.000000 0.990000 0.250000 255 255 255 255
-1.705764 -0.058527 1.250905 0.000000 0.000000 -1.000000 0.985388 0.203178 255 255 255 255
-1.722836 -0.114805 1.250905 0.000000 -0.000000 -1.000000 0.971731 0.158156 255 255 255 255
-1.750559 -0.166671 1.250905 0.000000 -0.000000 -1.000000 0.949553 0.116663 255 255 255 255
-1.787868 -0.212132 1.250905 0.000000 0.000000 -1.000000 0.919706 0.080294 255 255 255 255
-1.833329 -0.249441 1.250905 0.000000 0.000000 -1.000000 0.883337 0.050447 255 255 255 255
-1.885195 -0.277164 1.250905 0.000000 0.000000 -1.000000 0.841844 0.028269 255 255 255 255
-2.000000 -0.300000 1.250905 0.000000 0.000000 -1.000000 0.750000 0.010000 255 255 255 255
-2.058527 -0.294236 1.250905 0.000000 0.000000 -1.000000 0.703178 0.014612 255 255 255 255
-2.114805 -0.277164 1.250905 0.000000 0.000000 -1.000000 0.658156 0.028269 255 255 255 255
-2.166671 -0.249441 1.250905 0.000000 0.000000 -1.000000 0.616663 0.050447 255 255 255 255
-2.212132 -0.212132 1.250905 0.000000 0.000000 -1.000000 0.580294 0.080294 255 255 255 255
-2.249441 -0.166671 1.250905 0.000000 0.000000 -1.000000 0.550447 0.116663 255 255 255 255
-2.277164 -0.114805 1.250905 0.000000 0.000000 -1.000000 0.528269 0.158156 255 255 255 255
-2.300000 0.000000 1.250905 0.000000 -0.000000 -1.000000 0.510000 0.250000 255 255 255 255
-2.294235 0.058527 1.250905 0.000000 -0.000000 -1.000000 0.514612 0.296822 255 255 255 255
-2.277164 0.114805 1.250905 0.000000 0.000000 -1.000000 0.528269 0.341844 255 255 255 255
-2.249441 0.166671 1.250905 0.000000 0.000000 -1.000000 0.550447 0.383337 255 255 255 255
-2.212132 0.212132 1.250905 0.000000 0.000000 -1.000000 0.580295 0.419706 255 255 255 255
-2.166671 0.249441 1.250905 0.000000 0.000000 -1.000000 0.616663 0.449553 255 255 255 255
-2.114805 0.277164 1.250905 0.000000 0.000000 -1.000000 0.658156 0.471731 255 255 255 255
-2.000000 0.600000 1.849905 0.098017 0.995185 0.000000 1.000000 1.000000 153 150 151 255
-1.882946 0.588471 0.849905 0.098017 0.995185 0.000000 0.968750 0.500000 153 150 151 255
-2.000000 0.600000 0.849905 0.098017 0.995185 0.000000 1.000000 0.500000 153 150 151 255
-1.882946 0.588471 1.849905 0.290285 0.956940 0.000000 0.968750 1.000000 153 150 151 255
-1.770390 0.554328 0.849905 0.290285 0.956940 0.000000 0.937500 0.500000 153 150 151 255
-1.882946 0.588471 0.849905 0.290285 0.956940 0.000000 0.968750 0.500000 153 150 151 255
-1.770390 0.554328 1.849905 0.471397 0.881921 0.000000 0.937500 1.000000 153 150 151 255
-1.666658 0.498882 0.849905 0.471397 0.881921 0.000000 0.906250 0.500000 153 150 151 255
-1.770390 0.554328 0.849905 0.471397 0.881921 0.000000 0.937500 0.500000 153 150 151 255
-1.666658 0.498882 1.849905 0.634394 0.773010 0.000000 0.906250 1.000000 153 150 151 255
-1.575736 0.424264 0.849905 0.634394 0.773010 0.000000 0.875000 0.500000 153 150 151 255
-1.666658 0.498882 0.849905 0.634394 0.773010 0.000000 0.906250 0.500000 153 150 151 255
-1.575736 0.424264 1.849905 0.773010 0.634394 0.000000 0.875000 1.000000 153 150 151 255
-1.501118 0.333342 0.849905 0.773010 0.634394 0.000000 0.843750 0.500000 153 150 151 255
-1.575736 0.424264 0.849905 0.773010 0.634394 0.000000 0.875000 0.500000 153 150 151 255
-1.501118 0.333342 1.849905 0.881921 0.471397 0.000000 0.843750 1.000000 153 150 151 255
-1.445672 0.229610 0.849905 0.881921 0.471397 0.000000 0.812500 0.500000 153 150 151 255
-1.501118 0.333342 0.849905 0.881921 0.471397 0.000000 0.843750 0.500000 153 150 151 255
-1.445672 0.229610 1.849905 0.956940 0.290285 0.000000 0.812500 1.000000 153 150 151 255
-1.411529 0.117054 0.849905 0.956940 0.290285 0.000000 0.781250 0.500000 153 150 151 255
-1.445672 0.229610 0.849905 0.956940 0.290285 0.000000 0.812500 0.500000 153 150 151 255
-1.411529 0.117054 1.849905 0.995185 0.098017 0.000000 0.781250 1.000000 153 150 151 255
-1.400000 0.000000 0.849905 0.995185 0.098017 0.000000 0.750000 0.500000 153 150 151 255
-1.411529 0.117054 0.849905 0.995185 0.098017 0.000000 0.781250 0.500000 153 150 151 255
-1.400000 0.000000 1.849905 0.995185 -0.098017 0.000000 0.750000 1.000000 153 150 151 255
-1.411529 -0.117054 0.849905 0.995185 -0.098017 0.000000 0.718750 0.500000 153 150 151 255
-1.400000 0.000000 0.849905 0.995185 -0.098017 0.000000 0.750000 0.500000 153 150 151 255
-1.411529 -0.117054 1.849905 0.956940 -0.290285 0.000000 0.718750 1.000000 153 150 151 255
-1.445672 -0.229610 0.849905 0.956940 -0.290285 0.000000 0.687500 0.500000 153 150 151 255
-1.411529 -0.117054 0.849905 0.956940 -0.290285 0.000000 0.718750 0.500000 153 150 151 255
-1.445672 -0.229610 1.849905 0.881922 -0.471396 0.000000 0.687500 1.000000 153 150 151 255
-1.501118 -0.333342 0.849905 0.881922 -0.471396 0.000000 0.656250 0.500000 153 150 151 255
-1.445672 -0.229610 0.849905 0.881922 -0.471396 0.000000 0.687500 0.500000 153 150 151 255
-1.501118 -0.333342 1.849905 0.773010 -0.634394 0.000000 0.656250 1.000000 153 150 151 255
-1.575736 -0.424264 0.849905 0.773010 -0.634394 0.000000 0.625000 0.500000 153 150 151 255
-1.501118 -0.333342 0.849905 0.773010 -0.634394 0.000000 0.656250 0.500000 153 150 151 255
-1.575736 -0.424264 1.849905 0.634393 -0.773010 0.000000 0.625000 1.000000 153 150 151 255
-1.666658 -0.498882 0.849905 0.634393 -0.773010 0.000000 0.593750 0.500000 153 150 151 255
-1.575736 -0.424264 0.849905 0.634393 -0.773010 0.000000 0.625000 0.500000 153 150 151 255
-1.666658 -0.498882 1.849905 0.471397 -0.881921 0.000000 0.593750 1.000000 153 150 151 255
-1.770390 -0.554328 0.849905 0.471397 -0.881921 0.000000 0.562500 0.500000 153 150 151 255
-1.666658 -0.498882 0.849905 0.471397 -0.881921 0.000000 0.593750 0.500000 153 150 151 255
-1.770390 -0.554328 1.849905 0.290285 -0.956940 0.000000 0.562500 1.000000 153 150 151 255
-1.882946 -0.588471 0.849905 0.290285 -0.956940 0.000000 0.531250 0.500000 153 150 151 255
-1.770390 -0.554328 0.849905 0.290285 -0.956940 0.000000 0.562500 0.500000 153 150 151 255
-1.882946 -0.588471 1.849905 0.098017 -0.995185 0.000000 0.531250 1.000000 153 150 151 255
-2.000000 -0.600000 0.849905 0.098017 -0.995185 0.000000 0.500000 0.500000 153 150 151 255
-1.882946 -0.588471 0.849905 0.098017 -0.995185 0.000000 0.531250 0.500000 153 150 151 255
-2.000000 -0.600000 1.849905 -0.098018 -0.995185 0.000000 0.500000 1.000000 153 150 151 255
-2.117054 -0.588471 0.849905 -0.098018 -0.995185 0.000000 0.468750 0.500000 153 150 151 255
-2.000000 -0.600000 0.849905 -0.098018 -0.995185 0.000000 0.500000 0.500000 153 150 151 255
-2.117054 -0.588471 1.849905 -0.290285 -0.956940 0.000000 0.468750 1.000000 153 150 151 255
-2.229610 -0.554328 0.849905 -0.290285 -0.956940 0.000000 0.437500 0.500000 153 150 151 255
-2.117054 -0.588471 0.849905 -0.290285 -0.956940 0.000000 0.468750 0.500000 153 150 151 255
-2.229610 -0.554328 1.849905 -0.471397 -0.881921 0.000000 0.437500 1.000000 153 150 151 255
-2.333343 -0.498882 0.849905 -0.471397 -0.881921 0.000000 0.406250 0.500000 153 150 151 255
-2.229610 -0.554328 0.849905 -0.471397 -0.881921 0.000000 0.437500 0.500000 153 150 151 255
-2.333343 -0.498882 1.849905 -0.634394 -0.773010 0.000000 0.406250 1.000000 153 150 151 255
-2.424264 -0.424264 0.849905 -0.634394 -0.773010 0.000000 0.375000 0.500000 153 150 151 255
-2.333343 -0.498882 0.849905 -0.634394 -0.773010 0.000000 0.406250 0.500000 153 150 151 255
-2.424264 -0.424264 1.849905 -0.773011 -0.634392 0.000000 0.375000 1.000000 153 150 151 255
-2.498882 -0.333342 0.849905 -0.773011 -0.634392 0.000000 0.343750 0.500000 153 150 151 255
-2.424264 -0.424264 0.849905 -0.773011 -0.634392 0.000000 0.375000 0.500000 153 150 151 255
-2.498882 -0.333342 1.849905 -0.881922 -0.471396 0.000000 0.343750 1.000000 153 150 151 255
-2.554328 -0.229610 0.849905 -0.881922 -0.471396 0.000000 0.312500 0.500000 153 150 151 255
-2.498882 -0.333342 0.849905 -0.881922 -0.471396 0.000000 0.343750 0.500000 153 150 151 255
-2.554328 -0.229610 1.849905 -0.956940 -0.290284 0.000000 0.312500 1.000000 153 150 151 255
-2.588471 -0.117054 0.849905 -0.956940 -0.290284 0.000000 0.281250 0.500000 153 150 151 255
-2.554328 -0.229610 0.849905 -0.956940 -0.290284 0.000000 0.312500 0.500000 153 150 151 255
-2.588471 -0.117054 1.849905 -0.995185 -0.098014 0.000000 0.281250 1.000000 153 150 151 255
-2.600000 0.000001 0.849905 -0.995185 -0.098014 0.000000 0.250000 0.500000 153 150 151 255
-2.588471 -0.117054 0.849905 -0.995185 -0.098014 0.000000 0.281250 0.500000 153 150 151 255
-2.600000 0.000001 1.849905 -0.995185 0.098018 0.000000 0.250000 1.000000 153 150 151 255
-2.588471 0.117055 0.849905 -0.995185 0.098018 0.000000 0.218750 0.500000 154 148 149 255
-2.600000 0.000001 0.849905 -0.995185 0.098018 0.000000 0.250000 0.500000 153 150 151 255
-2.588471 0.117055 1.849905 -0.956940 0.290285 0.000000 0.218750 1.000000 152 148 149 255
-2.554327 0.229611 0.849905 -0.956940 0.290285 0.000000 0.187500 0.500000 155 147 149 255
-2.588471 0.117055 0.849905 -0.956940 0.290285 0.000000 0.218750 0.500000 154 148 149 255
-2.554327 0.229611 1.849905 -0.881921 0.471398 0.000000 0.187500 1.000000 153 148 150 255
-2.498881 0.333343 0.849905 -0.881921 0.471398 0.000000 0.156250 0.500000 153 149 150 255
-2.554327 0.229611 0.849905 -0.881921 0.471398 0.000000 0.187500 0.500000 155 147 149 255
-2.498881 0.333343 1.849905 -0.773009 0.634394 0.000000 0.156250 1.000000 153 150 151 255
-2.424263 0.424265 0.849905 -0.773009 0.634394 0.000000 0.125000 0.500000 153 150 151 255
-2.498881 0.333343 0.849905 -0.773009 0.634394 0.000000 0.156250 0.500000 153 149 150 255
-2.424263 0.424265 1.849905 -0.634393 0.773011 0.000000 0.125000 1.000000 153 150 151 255
-2.333342 0.498882 0.849905 -0.634393 0.773011 0.000000 0.093750 0.500000 153 150 151 255
-2.424263 0.424265 0.849905 -0.634393 0.773011 0.000000 0.125000 0.500000 153 150 151 255
-2.333342 0.498882 1.849905 -0.471395 0.881922 0.000000 0.093750 1.000000 153 150 151 255
-2.229609 0.554328 0.849905 -0.471395 0.881922 0.000000 0.062500 0.500000 153 150 151 255
-2.333342 0.498882 0.849905 -0.471395 0.881922 0.000000 0.093750 0.500000 153 150 151 255
-2.554327 0.229611 1.849905 0.000000 0.000000 1.000000 0.028269 0.341844 153 148 150 255
-2.229610 -0.554328 1.849905 0.000000 0.000000 1.000000 0.158156 0.028269 153 150 151 255
-1.445672 -0.229610 1.849905 0.000000 0.000000 1.000000 0.471731 0.158156 153 150 151 255
-2.229609 0.554328 1.849905 -0.290283 0.956941 0.000000 0.062500 1.000000 153 150 151 255
-2.117053 0.588471 0.849905 -0.290283 0.956941 0.000000 0.031250 0.500000 153 150 151 255
-2.229609 0.554328 0.849905 -0.290283 0.956941 0.000000 0.062500 0.500000 153 150 151 255
-2.117053 0.588471 1.849905 -0.098017 0.995185 0.000000 0.031250 1.000000 153 150 151 255
-2.000000 0.600000 0.849905 -0.098017 0.995185 0.000000 0.000000 0.500000 153 150 151 255
-2.117053 0.588471 0.849905 -0.098017 0.995185 0.000000 0.031250 0.500000 153 150 151 255
-1.411529 0.117054 0.849905 0.000000 0.000000 -1.000000 0.985388 0.296822 153 150 151 255
-1.882946 -0.588471 0.849905 0.000000 0.000000 -1.000000 0.796822 0.014612 153 150 151 255
-2.588471 -0.117054 0.849905 0.000000 0.000000 -1.000000 0.514611 0.203179 153 150 151 255
-1.882946 0.588471 1.849905 0.098017 0.995185 -0.000000 0.968750 1.000000 153 150 151 255
-1.770390 0.554328 1.849905 0.290285 0.956940 -0.000000 0.937500 1.000000 153 150 151 255
-1.666658 0.498882 1.849905 0.471397 0.881921 -0.000000 0.906250 1.000000 153 150 151 255
-1.575736 0.424264 1.849905 0.634394 0.773010 -0.000000 0.875000 1.000000 153 150 151 255
-1.501118 0.333342 1.849905 0.773010 0.634394 -0.000000 0.843750 1.000000 153 150 151 255
-1.445672 0.229610 1.849905 0.881921 0.471397 -0.000000 0.812500 1.000000 153 150 151 255
-1.411529 0.117054 1.849905 0.956940 0.290285 -0.000000 0.781250 1.000000 153 150 151 255
-1.400000 0.000000 1.849905 0.995185 0.098017 -0.000000 0.750000 1.000000 153 150 151 255
-1.411529 -0.117054 1.849905 0.995185 -0.098017 0.000000 0.718750 1.000000 153 150 151 255
-1.445672 -0.229610 1.849905 0.956940 -0.290285 0.000000 0.687500 1.000000 153 150 151 255
-1.501118 -0.333342 1.849905 0.881922 -0.471396 0.000000 0.656250 1.000000 153 150 151 255
-1.575736 -0.424264 1.849905 0.773010 -0.634394 0.000000 0.625000 1.000000 153 150 151 255
-1.666658 -0.498882 1.849905 0.634393 -0.773010 0.000000 0.593750 1.000000 153 150 151 255
-1.770390 -0.554328 1.849905 0.471397 -0.881921 0.000000 0.562500 1.000000 153 150 151 255
-1.882946 -0.588471 1.849905 0.290285 -0.956940 0.000000 0.531250 1.000000 153 150 151 255
-2.000000 -0.600000 1.849905 0.098017 -0.995185 0.000000 0.500000 1.000000 153 150 151 255
-2.117054 -0.588471 1.849905 -0.098018 -0.995185 0.000000 0.468750 1.000000 153 150 151 255
-2.229610 -0.554328 1.849905 -0.290285 -0.956940 0.000000 0.437500 1.000000 153 150 151 255
-2.333343 -0.498882 1.849905 -0.471397 -0.881921 0.000000 0.406250 1.000000 153 150 151 255
-2.424264 -0.424264 1.849905 -0.634394 -0.773010 0.000000 0.375000 1.000000 153 150 151 255
-2.498882 -0.333342 1.849905 -0.773011 -0.634392 0.000000 0.343750 1.000000 153 150 151 255
-2.554328 -0.229610 1.849905 -0.881922 -0.471396 0.000000 0.312500 1.000000 153 150 151 255
-2.588471 -0.117054 1.849905 -0.956940 -0.290284 0.000000 0.281250 1.000000 153 150 151 255
-2.600000 0.000001 1.849905 -0.995185 -0.098014 0.000000 0.250000 1.000000 153 150 151 255
-2.588471 0.117055 1.849905 -0.995185 0.098018 0.000000 0.218750 1.000000 152 148 149 255
-2.554327 0.229611 1.849905 -0.956940 0.290285 0.000000 0.187500 1.000000 153 148 150 255
-2.498881 0.333343 1.849905 -0.881921 0.471398 0.000000 0.156250 1.000000 153 150 151 255
-2.424263 0.424265 1.849905 -0.773009 0.634394 0.000000 0.125000 1.000000 153 150 151 255
-2.333342 0.498882 1.849905 -0.634393 0.773011 0.000000 0.093750 1.000000 153 150 151 255
-2.229609 0.554328 1.849905 -0.471395 0.881922 0.000000 0.062500 1.000000 153 150 151 255
-1.770390 0.554328 1.849905 0.000000 0.000000 1.000000 0.341844 0.471731 153 150 151 255
-1.882946 0.588471 1.849905 0.000000 0.000000 1.000000 0.296822 0.485388 153 150 151 255
-2.000000 0.600000 1.849905 0.000000 0.000000 1.000000 0.250000 0.490000 153 150 151 255
-2.117053 0.588471 1.849905 0.000000 -0.000000 1.000000 0.203179 0.485389 153 150 151 255
-2.229609 0.554328 1.849905 0.000000 -0.000000 1.000000 0.158156 0.471731 153 150 151 255
-2.333342 0.498882 1.849905 0.000000 0.000000 1.000000 0.116663 0.449553 153 150 151 255
-2.424263 0.424265 1.849905 0.000000 0.000000 1.000000 0.080295 0.419706 153 150 151 255
-2.498881 0.333343 1.849905 0.000000 0.000000 1.000000 0.050447 0.383337 153 150 151 255
-2.588471 0.117055 1.849905 0.000000 0.000000 1.000000 0.014612 0.296822 152 148 149 255
-2.600000 0.000001 1.849905 0.000000 0.000000 1.000000 0.010000 0.250000 153 150 151 255
-2.588471 -0.117054 1.849905 0.000000 0.000000 1.000000 0.014611 0.203179 153 150 151 255
-2.554328 -0.229610 1.849905 0.000000 0.000000 1.000000 0.028269 0.158156 153 150 151 255
-2.498882 -0.333342 1.849905 0.000000 0.000000 1.000000 0.050447 0.116663 153 150 151 255
-2.424264 -0.424264 1.849905 0.000000 0.000000 1.000000 0.080294 0.080294 153 150 151 255
-2.333343 -0.498882 1.849905 0.000000 0.000000 1.000000 0.116663 0.050447 153 150 151 255
-2.117054 -0.588471 1.849905 0.000000 0.000000 1.000000 0.203178 0.014612 153 150 151 255
-2.000000 -0.600000 1.849905 0.000000 0.000000 1.000000 0.250000 0.010000 153 150 151 255
-1.882946 -0.588471 1.849905 0.000000 0.000000 1.000000 0.296822 0.014612 153 150 151 255
-1.770390 -0.554328 1.849905 0.000000 0.000000 1.000000 0.341844 0.028269 153 150 151 255
-1.666658 -0.498882 1.849905 0.000000 0.000000 1.000000 0.383337 0.050447 153 150 151 255
-1.575736 -0.424264 1.849905 0.000000 0.000000 1.000000 0.419706 0.080294 153 150 151 255
-1.501118 -0.333342 1.849905 0.000000 0.000000 1.000000 0.449553 0.116663 153 150 151 255
-1.411529 -0.117054 1.849905 0.000000 0.000000 1.000000 0.485388 0.203178 153 150 151 255
-1.400000 0.000000 1.849905 0.000000 0.000000 1.000000 0.490000 0.250000 153 150 151 255
-1.411529 0.117054 1.849905 -0.000000 0.000000 1.000000 0.485388 0.296822 153 150 151 255
-1.445672 0.229610 1.849905 -0.000000 0.000000 1.000000 0.471731 0.341844 153 150 151 255
-1.501118 0.333342 1.849905 0.000000 0.000000 1.000000 0.449553 0.383337 153 150 151 255
-1.575736 0.424264 1.849905 0.000000 0.000000 1.000000 0.419706 0.419706 153 150 151 255
-1.666658 0.498882 1.849905 0.000000 0.000000 1.000000 0.383337 0.449553 153 150 151 255
-2.117053 0.588471 1.849905 -0.290283 0.956941 0.000000 0.031250 1.000000 153 150 151 255
-2.000000 0.600000 1.849905 -0.098017 0.995185 0.000000 0.000000 1.000000 153 150 151 255
-2.117053 0.588471 0.849905 -0.000000 0.000000 -1.000000 0.703179 0.485389 153 150 151 255
-2.000000 0.600000 0.849905 -0.000000 0.000000 -1.000000 0.750000 0.490000 153 150 151 255
-1.882946 0.588471 0.849905 -0.000000 0.000000 -1.000000 0.796822 0.485388 153 150 151 255
-1.770390 0.554328 0.849905 0.000000 0.000000 -1.000000 0.841844 0.471731 153 150 151 255
-1.666658 0.498882 0.849905 0.000000 0.000000 -1.000000 0.883337 0.449553 153 150 151 255
-1.575736 0.424264 0.849905 0.000000 0.000000 -1.000000 0.919706 0.419706 153 150 151 255
-1.501118 0.333342 0.849905 0.000000 0.000000 -1.000000 0.949553 0.383337 153 150 151 255
-1.445672 0.229610 0.849905 0.000000 0.000000 -1.000000 0.971731 0.341844 153 150 151 255
-1.400000 0.000000 0.849905 0.000000 0.000000 -1.000000 0.990000 0.250000 153 150 151 255
-1.411529 -0.117054 0.849905 0.000000 0.000000 -1.000000 0.985388 0.203178 153 150 151 255
-1.445672 -0.229610 0.849905 0.000000 -0.000000 -1.000000 0.971731 0.158156 153 150 151 255
-1.501118 -0.333342 0.849905 0.000000 -0.000000 -1.000000 0.949553 0.116663 153 150 151 255
-1.575736 -0.424264 0.849905 0.000000 0.000000 -1.000000 0.919706 0.080294 153 150 151 255
-1.666658 -0.498882 0.849905 0.000000 0.000000 -1.000000 0.883337 0.050447 153 150 151 255
-1.770390 -0.554328 0.849905 0.000000 0.000000 -1.000000 0.841844 0.028269 153 150 151 255
-2.000000 -0.600000 0.849905 0.000000 0.000000 -1.000000 0.750000 0.010000 153 150 151 255
-2.117054 -0.588471 0.849905 0.000000 0.000000 -1.000000 0.703178 0.014612 153 150 151 255
-2.229610 -0.554328 0.849905 0.000000 0.000000 -1.000000 0.658156 0.028269 153 150 151 255
-2.333343 -0.498882 0.849905 0.000000 0.000000 -1.000000 0.616663 0.050447 153 150 151 255
-2.424264 -0.424264 0.849905 0.000000 0.000000 -1.000000 0.580294 0.080294 153 150 151 255
-2.498882 -0.333342 0.849905 0.000000 0.000000 -1.000000 0.550447 0.116663 153 150 151 255
-2.554328 -0.229610 0.849905 0.000000 0.000000 -1.000000 0.528269 0.158156 153 150 151 255
-2.600000 0.000001 0.849905 0.000000 -0.000000 -1.000000 0.510000 0.250000 153 150 151 255
-2.588471 0.117055 0.849905 0.000000 -0.000000 -1.000000 0.514612 0.296822 154 148 149 255
-2.554327 0.229611 0.849905 0.000000 0.000000 -1.000000 0.528269 0.341844 155 147 149 255
-2.498881 0.333343 0.849905 0.000000 0.000000 -1.000000 0.550447 0.383337 153 149 150 255
-2.424263 0.424265 0.849905 0.000000 0.000000 -1.000000 0.580295 0.419706 153 150 151 255
-2.333342 0.498882 0.849905 0.000000 0.000000 -1.000000 0.616663 0.449553 153 150 151 255
-2.229609 0.554328 0.849905 0.000000 0.000000 -1.000000 0.658156 0.471731 153 150 151 255
-1.396781 -1.007984 0.635965 0.003491 0.999994 -0.000000 1.000000 0.000000 228 170 43 255
-2.600955 -1.003781 -0.559839 0.003491 0.999994 -0.000000 0.000000 1.000000 228 170 43 255
-2.596766 -1.003795 0.640154 0.003491 0.999994 -0.000000 0.000000 0.000000 228 170 43 255
-1.400969 -1.007970 -0.564028 0.003491 0.999994 -0.000000 1.000000 1.000000 228 170 43 255

//left
1.000000 1.000000 1.049905 0.000000 0.000000 1.000000 0.875000 0.500000 255 255 255 255
3.000000 -1.000000 1.049905 0.000000 0.000000 1.000000 0.625000 0.750000 255 255 255 255
3.000000 1.000000 1.049905 0.000000 0.000000 1.000000 0.625000 0.500000 255 255 255 255
3.000000 -1.000000 1.049905 0.000000 -1.000000 0.000000 0.625000 0.750000 255 255 255 255
1.000000 -1.000000 -0.950095 0.000000 -1.000000 0.000000 0.375000 1.000000 255 255 255 255
3.000000 -1.000000 -0.950095 0.000000 -1.000000 0.000000 0.375000 0.750000 255 255 255 255
1.000000 -1.000000 1.049905 -1.000000 0.000000 0.000000 0.625000 0.000000 255 255 255 255
1.000000 1.000000 -0.950095 -1.000000 0.000000 0.000000 0.375000 0.250000 255 255 255 255
1.000000 -1.000000 -0.950095 -1.000000 0.000000 0.000000 0.375000 0.000000 255 255 255 255
3.000000 1.000000 -0.950095 0.000000 0.000000 -1.000000 0.375000 0.500000 255 255 255 255
1.000000 -1.000000 -0.950095 0.000000 0.000000 -1.000000 0.125000 0.750000 255 255 255 255
1.000000 1.000000 -0.950095 0.000000 0.000000 -1.000000 0.125000 0.500000 255 255 255 255
3.000000 1.000000 1.049905 1.000000 0.000000 -0.000000 0.625000 0.500000 255 255 255 255
3.000000 -1.000000 -0.950095 1.000000 0.000000 -0.000000 0.375000 0.750000 255 255 255 255
3.000000 1.000000 -0.950095 1.000000 0.000000 -0.000000 0.375000 0.500000 255 255 255 255
1.000000 1.000000 1.049905 0.000000 1.000000 -0.000000 0.625000 0.250000 255 255 255 255
3.000000 1.000000 -0.950095 0.000000 1.000000 -0.000000 0.375000 0.500000 255 255 255 255
1.000000 1.000000 -0.950095 0.000000 1.000000 -0.000000 0.375000 0.250000 255 255 255 255
1.000000 -1.000000 1.049905 0.000000 -0.000000 1.000000 0.875000 0.750000 255 255 255 255
1.000000 -1.000000 1.049905 0.000000 -1.000000 0.000000 0.625000 1.000000 255 255 255 255
1.000000 1.000000 1.049905 -1.000000 0.000000 0.000000 0.625000 0.250000 255 255 255 255
3.000000 -1.000000 -0.950095 0.000000 0.000000 -1.000000 0.375000 0.750000 255 255 255 255
3.000000 -1.000000 1.049905 1.000000 0.000000 0.000000 0.625000 0.750000 255 255 255 255
3.000000 1.000000 1.049905 0.000000 1.000000 -0.000000 0.625000 0.500000 255 255 255 255
2.000000 0.300000 1.850905 0.098017 0.995185 0.000000 1.000000 1.000000 255 255 255 255
2.058527 0.294236 1.250905 0.098017 0.995185 0.000000 0.968750 0.500000 255 255 255 255
2.000000 0.300000 1.250905 0.098017 0.995185 0.000000 1.000000 0.500000 255 255 255 255
2.058527 0.294236 1.850905 0.290284 0.956940 0.000000 0.968750 1.000000 255 255 255 255
2.114805 0.277164 1.250905 0.290284 0.956940 0.000000 0.937500 0.500000 255 255 255 255
2.058527 0.294236 1.250905 0.290284 0.956940 0.000000 0.968750 0.500000 255 255 255 255
2.114805 0.277164 1.850905 0.471397 0.881921 0.000000 0.937500 1.000000 255 255 255 255
2.166671 0.249441 1.250905 0.471397 0.881921 0.000000 0.906250 0.500000 255 255 255 255
2.114805 0.277164 1.250905 0.471397 0.881921 0.000000 0.937500 0.500000 255 255 255 255
2.166671 0.249441 1.850905 0.634394 0.773010 0.000000 0.906250 1.000000 255 255 255 255
2.212132 0.212132 1.250905 0.634394 0.773010 0.000000 0.875000 0.500000 255 255 255 255
2.166671 0.249441 1.250905 0.634394 0.773010 0.000000 0.906250 0.500000 255 255 255 255
2.212132 0.212132 1.850905 0.773010 0.634394 0.000000 0.875000 1.000000 255 255 255 255
2.249441 0.166671 1.250905 0.773010 0.634394 0.000000 0.843750 0.500000 255 255 255 255
2.212132 0.212132 1.250905 0.773010 0.634394 0.000000 0.875000 0.500000 255 255 255 255
2.249441 0.166671 1.850905 0.881921 0.471398 0.000000 0.843750 1.000000 255 255 255 255
2.277164 0.114805 1.250905 0.881921 0.471398 0.000000 0.812500 0.500000 255 255 255 255
2.249441 0.166671 1.250905 0.881921 0.471398 0.000000 0.843750 0.500000 255 255 255 255
2.277164 0.114805 1.850905 0.956940 0.290285 0.000000 0.812500 1.000000 255 255 255 255
2.294236 0.058527 1.250905 0.956940 0.290285 0.000000 0.781250 0.500000 255 255 255 255
2.277164 0.114805 1.250905 0.956940 0.290285 0.000000 0.812500 0.500000 255 255 255 255
2.294236 0.058527 1.850905 0.995185 0.098014 0.000000 0.781250 1.000000 255 255 255 255
2.300000 0.000000 1.250905 0.995185 0.098014 0.000000 0.750000 0.500000 255 255 255 255
2.294236 0.058527 1.250905 0.995185 0.098014 0.000000 0.781250 0.500000 255 255 255 255
2.300000 0.000000 1.850905 0.995185 -0.098014 0.000000 0.750000 1.000000 255 255 255 255
2.294236 -0.058527 1.250905 0.995185 -0.098014 0.000000 0.718750 0.500000 255 255 255 255
2.300000 0.000000 1.250905 0.995185 -0.098014 0.000000 0.750000 0.500000 255 255 255 255
2.294236 -0.058527 1.850905 0.956940 -0.290285 0.000000 0.718750 1.000000 255 255 255 255
2.277164 -0.114805 1.250905 0.956940 -0.290285 0.000000 0.687500 0.500000 255 255 255 255
2.294236 -0.058527 1.250905 0.956940 -0.290285 0.000000 0.718750 0.500000 255 255 255 255
2.277164 -0.114805 1.850905 0.881921 -0.471398 0.000000 0.687500 1.000000 255 255 255 255
2.249441 -0.166671 1.250905 0.881921 -0.471398 0.000000 0.656250 0.500000 255 255 255 255
2.277164 -0.114805 1.250905 0.881921 -0.471398 0.000000 0.687500 0.500000 255 255 255 255
2.249441 -0.166671 1.850905 0.773010 -0.634394 0.000000 0.656250 1.000000 255 255 255 255
2.212132 -0.212132 1.250905 0.773010 -0.634394 0.000000 0.625000 0.500000 255 255 255 255
2.249441 -0.166671 1.250905 0.773010 -0.634394 0.000000 0.656250 0.500000 255 255 255 255
2.212132 -0.212132 1.850905 0.634394 -0.773010 0.000000 0.625000 1.000000 255 255 255 255
2.166671 -0.249441 1.250905 0.634394 -0.773010 0.000000 0.593750 0.500000 255 255 255 255
2.212132 -0.212132 1.250905 0.634394 -0.773010 0.000000 0.625000 0.500000 255 255 255 255
2.166671 -0.249441 1.850905 0.471397 -0.881921 0.000000 0.593750 1.000000 255 255 255 255
2.114805 -0.277164 1.250905 0.471397 -0.881921 0.000000 0.562500 0.500000 255 255 255 255
2.166671 -0.249441 1.250905 0.471397 -0.881921 0.000000 0.593750 0.500000 255 255 255 255
2.114805 -0.277164 1.850905 0.290284 -0.956940 0.000000 0.562500 1.000000 255 255 255 255
2.058527 -0.294236 1.250905 0.290284 -0.956940 0.000000 0.531250 0.500000 255 255 255 255
2.114805 -0.277164 1.250905 0.290284 -0.956940 0.000000 0.562500 0.500000 255 255 255 255
2.058527 -0.294236 1.850905 0.098017 -0.995185 0.000000 0.531250 1.000000 255 255 255 255
2.000000 -0.300000 1.250905 0.098017 -0.995185 0.000000 0.500000 0.500000 255 255 255 255
2.058527 -0.294236 1.250905 0.098017 -0.995185 0.000000 0.531250 0.500000 255 255 255 255
2.000000 -0.300000 1.850905 -0.098018 -0.995185 0.000000 0.500000 1.000000 255 255 255 255
1.941473 -0.294236 1.250905 -0.098018 -0.995185 0.000000 0.468750 0.500000 255 255 255 255
2.000000 -0.300000 1.250905 -0.098018 -0.995185 0.000000 0.500000 0.500000 255 255 255 255
1.941473 -0.294236 1.850905 -0.290285 -0.956940 0.000000 0.468750 1.000000 255 255 255 255
1.885195 -0.277164 1.250905 -0.290285 -0.956940 0.000000 0.437500 0.500000 255 255 255 255
1.941473 -0.294236 1.250905 -0.290285 -0.956940 0.000000 0.468750 0.500000 255 255 255 255
1.885195 -0.277164 1.850905 -0.471397 -0.881921 0.000000 0.437500 1.000000 255 255 255 255
1.833329 -0.249441 1.250905 -0.471397 -0.881921 0.000000 0.406250 0.500000 255 255 255 255
1.885195 -0.277164 1.250905 -0.471397 -0.881921 0.000000 0.437500 0.500000 255 255 255 255
1.833329 -0.249441 1.850905 -0.634394 -0.773010 0.000000 0.406250 1.000000 255 255 255 255
1.787868 -0.212132 1.250905 -0.634394 -0.773010 0.000000 0.375000 0.500000 255 255 255 255
1.833329 -0.249441 1.250905 -0.634394 -0.773010 0.000000 0.406250 0.500000 255 255 255 255
1.787868 -0.212132 1.850905 -0.773011 -0.634392 0.000000 0.375000 1.000000 255 255 255 255
1.750559 -0.166671 1.250905 -0.773011 -0.634392 0.000000 0.343750 0.500000 255 255 255 255
1.787868 -0.212132 1.250905 -0.773011 -0.634392 0.000000 0.375000 0.500000 255 255 255 255
1.750559 -0.166671 1.850905 -0.881922 -0.471396 0.000000 0.343750 1.000000 255 255 255 255
1.722836 -0.114805 1.250905 -0.881922 -0.471396 0.000000 0.312500 0.500000 255 255 255 255
1.750559 -0.166671 1.250905 -0.881922 -0.471396 0.000000 0.343750 0.500000 255 255 255 255
1.722836 -0.114805 1.850905 -0.956940 -0.290284 0.000000 0.312500 1.000000 255 255 255 255
1.705764 -0.058527 1.250905 -0.956940 -0.290284 0.000000 0.281250 0.500000 255 255 255 255
1.722836 -0.114805 1.250905 -0.956940 -0.290284 0.000000 0.312500 0.500000 255 255 255 255
1.705764 -0.058527 1.850905 -0.995185 -0.098014 0.000000 0.281250 1.000000 255 255 255 255
1.700000 0.000000 1.250905 -0.995185 -0.098014 0.000000 0.250000 0.500000 255 255 255 255
1.705764 -0.058527 1.250905 -0.995185 -0.098014 0.000000 0.281250 0.500000 255 255 255 255
1.700000 0.000000 1.850905 -0.995185 0.098018 0.000000 0.250000 1.000000 255 255 255 255
1.705765 0.058527 1.250905 -0.995185 0.098018 0.000000 0.218750 0.500000 255 255 255 255
1.700000 0.000000 1.250905 -0.995185 0.098018 0.000000 0.250000 0.500000 255 255 255 255
1.705765 0.058527 1.850905 -0.956940 0.290285 0.000000 0.218750 1.000000 255 255 255 255
1.722836 0.114805 1.250905 -0.956940 0.290285 0.000000 0.187500 0.500000 255 255 255 255
1.705765 0.058527 1.250905 -0.956940 0.290285 0.000000 0.218750 0.500000 255 255 255 255
1.722836 0.114805 1.850905 -0.881921 0.471398 0.000000 0.187500 1.000000 255 255 255 255
1.750559 0.166671 1.250905 -0.881921 0.471398 0.000000 0.156250 0.500000 255 255 255 255
1.722836 0.114805 1.250905 -0.881921 0.471398 0.000000 0.187500 0.500000 255 255 255 255
1.750559 0.166671 1.850905 -0.773009 0.634394 0.000000 0.156250 1.000000 255 255 255 255
1.787868 0.212132 1.250905 -0.773009 0.634394 0.000000 0.125000 0.500000 255 255 255 255
1.750559 0.166671 1.250905 -0.773009 0.634394 0.000000 0.156250 0.500000 255 255 255 255
1.787868 0.212132 1.850905 -0.634393 0.773011 0.000000 0.125000 1.000000 255 255 255 255
1.833329 0.249441 1.250905 -0.634393 0.773011 0.000000 0.093750 0.500000 255 255 255 255
1.787868 0.212132 1.250905 -0.634393 0.773011 0.000000 0.125000 0.500000 255 255 255 255
1.833329 0.249441 1.850905 -0.471395 0.881922 0.000000 0.093750 1.000000 255 255 255 255
1.885195 0.277164 1.250905 -0.471395 0.881922 0.000000 0.062500 0.500000 255 255 255 255
1.833329 0.249441 1.250905 -0.471395 0.881922 0.000000 0.093750 0.500000 255 255 255 255
2.000000 0.300000 1.850905 0.000000 0.000000 -1.000000 0.250000 0.490000 255 255 255 255
2.300000 0.000000 1.850905 0.000000 0.000000 -1.000000 0.490000 0.250000 255 255 255 255
2.000000 -0.300000 1.850905 0.000000 0.000000 -1.000000 0.250000 0.010000 255 255 255 255
1.885195 0.277164 1.850905 -0.290283 0.956941 0.000000 0.062500 1.000000 255 255 255 255
1.941473 0.294236 1.250905 -0.290283 0.956941 0.000000 0.031250 0.500000 255 255 255 255
1.885195 0.277164 1.250905 -0.290283 0.956941 0.000000 0.062500 0.500000 255 255 255 255
1.941473 0.294236 1.850905 -0.098017 0.995185 0.000000 0.031250 1.000000 255 255 255 255
2.000000 0.300000 1.250905 -0.098017 0.995185 0.000000 0.000000 0.500000 255 255 255 255
1.941473 0.294236 1.250905 -0.098017 0.995185 0.000000 0.031250 0.500000 255 255 255 255
2.294236 0.058527 1.250905 0.000000 0.000000 -1.000000 0.985388 0.296822 255 255 255 255
2.058527 -0.294236 1.250905 0.000000 0.000000 -1.000000 0.796822 0.014612 255 255 255 255
1.705764 -0.058527 1.250905 0.000000 0.000000 -1.000000 0.514611 0.203179 255 255 255 255
2.058527 0.294236 1.850905 0.098017 0.995185 -0.000000 0.968750 1.000000 255 255 255 255
2.114805 0.277164 1.850905 0.290284 0.956940 -0.000000 0.937500 1.000000 255 255 255 255
2.166671 0.249441 1.850905 0.471397 0.881921 -0.000000 0.906250 1.000000 255 255 255 255
2.212132 0.212132 1.850905 0.634394 0.773010 -0.000000 0.875000 1.000000 255 255 255 255
2.249441 0.166671 1.850905 0.773010 0.634394 -0.000000 0.843750 1.000000 255 255 255 255
2.277164 0.114805 1.850905 0.881921 0.471398 -0.000000 0.812500 1.000000 255 255 255 255
2.294236 0.058527 1.850905 0.956940 0.290285 -0.000000 0.781250 1.000000 255 255 255 255
2.300000 0.000000 1.850905 0.995185 0.098014 -0.000000 0.750000 1.000000 255 255 255 255
2.294236 -0.058527 1.850905 0.995185 -0.098014 0.000000 0.718750 1.000000 255 255 255 255
2.277164 -0.114805 1.850905 0.956940 -0.290285 0.000000 0.687500 1.000000 255 255 255 255
2.249441 -0.166671 1.850905 0.881921 -0.471398 0.000000 0.656250 1.000000 255 255 255 255
2.212132 -0.212132 1.850905 0.773010 -0.634394 0.000000 0.625000 1.000000 255 255 255 255
2.166671 -0.249441 1.850905 0.634394 -0.773010 0.000000 0.593750 1.000000 255 255 255 255
2.114805 -0.277164 1.850905 0.471397 -0.881921 0.000000 0.562500 1.000000 255 255 255 255
2.058527 -0.294236 1.850905 0.290284 -0.956940 0.000000 0.531250 1.000000 255 255 255 255
2.000000 -0.300000 1.850905 0.098017 -0.995185 0.000000 0.500000 1.000000 255 255 255 255
1.941473 -0.294236 1.850905 -0.098018 -0.995185 0.000000 0.468750 1.000000 255 255 255 255
1.885195 -0.277164 1.850905 -0.290285 -0.956940 0.000000 0.437500 1.000000 255 255 255 255
1.833329 -0.249441 1.850905 -0.471397 -0.881921 0.000000 0.406250 1.000000 255 255 255 255
1.787868 -0.212132 1.850905 -0.634394 -0.773010 0.000000 0.375000 1.000000 255 255 255 255
1.750559 -0.166671 1.850905 -0.773011 -0.634392 0.000000 0.343750 1.000000 255 255 255 255
1.722836 -0.114805 1.850905 -0.881922 -0.471396 0.000000 0.312500 1.000000 255 255 255 255
1.705764 -0.058527 1.850905 -0.956940 -0.290284 0.000000 0.281250 1.000000 255 255 255 255
1.700000 0.000000 1.850905 -0.995185 -0.098014 0.000000 0.250000 1.000000 255 255 255 255
1.705765 0.058527 1.850905 -0.995185 0.098018 0.000000 0.218750 1.000000 255 255 255 255
1.722836 0.114805 1.850905 -0.956940 0.290285 0.000000 0.187500 1.000000 255 255 255 255
1.750559 0.166671 1.850905 -0.881921 0.471398 0.000000 0.156250 1.000000 255 255 255 255
1.787868 0.212132 1.850905 -0.773009 0.634394 0.000000 0.125000 1.000000 255 255 255 255
1.833329 0.249441 1.850905 -0.634393 0.773011 0.000000 0.093750 1.000000 255 255 255 255
1.885195 0.277164 1.850905 -0.471395 0.881922 0.000000 0.062500 1.000000 255 255 255 255
2.058527 0.294236 1.850905 0.000000 0.000000 -1.000000 0.296822 0.485388 255 255 255 255
2.212132 0.212132 1.850905 0.000000 0.000000 -1.000000 0.419706 0.419706 255 255 255 255
2.114805 0.277164 1.850905 0.000000 0.000000 -1.000000 0.341844 0.471731 255 255 255 255
2.166671 0.249441 1.850905 0.000000 0.000000 -1.000000 0.383337 0.449553 255 255 255 255
2.249441 0.166671 1.850905 0.000000 0.000000 -1.000000 0.449553 0.383337 255 255 255 255
2.277164 0.114805 1.850905 0.000000 0.000000 -1.000000 0.471731 0.341844 255 255 255 255
2.294236 0.058527 1.850905 0.000000 0.000000 -1.000000 0.485388 0.296822 255 255 255 255
2.294236 -0.058527 1.850905 0.000000 0.000000 -1.000000 0.485388 0.203178 255 255 255 255
2.277164 -0.114805 1.850905 0.000000 0.000000 -1.000000 0.471731 0.158156 255 255 255 255
2.249441 -0.166671 1.850905 0.000000 0.000000 -1.000000 0.449553 0.116663 255 255 255 255
2.212132 -0.212132 1.850905 0.000000 0.000000 -1.000000 0.419706 0.080294 255 255 255 255
2.166671 -0.249441 1.850905 0.000000 0.000000 -1.000000 0.383337 0.050447 255 255 255 255
2.114805 -0.277164 1.850905 0.000000 0.000000 -1.000000 0.341844 0.028269 255 255 255 255
2.058527 -0.294236 1.850905 0.000000 -0.000000 -1.000000 0.296822 0.014612 255 255 255 255
1.941473 -0.294236 1.850905 0.000000 0.000000 -1.000000 0.203178 0.014612 255 255 255 255
1.885195 -0.277164 1.850905 0.000000 0.000000 -1.000000 0.158156 0.028269 255 255 255 255
1.833329 -0.249441 1.850905 0.000000 0.000000 -1.000000 0.116663 0.050447 255 255 255 255
1.787868 -0.212132 1.850905 0.000000 0.000000 -1.000000 0.080294 0.080294 255 255 255 255
1.750559 -0.166671 1.850905 0.000000 0.000000 -1.000000 0.050447 0.116663 255 255 255 255
1.722836 -0.114805 1.850905 0.000000 0.000000 -1.000000 0.028269 0.158156 255 255 255 255
1.705764 -0.058527 1.850905 -0.000000 -0.000000 -1.000000 0.014611 0.203179 255 255 255 255
1.700000 0.000000 1.850905 -0.000000 -0.000000 -1.000000 0.010000 0.250000 255 255 255 255
1.705765 0.058527 1.850905 0.000000 0.000000 -1.000000 0.014612 0.296822 255 255 255 255
1.722836 0.114805 1.850905 0.000000 0.000000 -1.000000 0.028269 0.341844 255 255 255 255
1.750559 0.166671 1.850905 0.000000 0.000000 -1.000000 0.050447 0.383337 255 255 255 255
1.787868 0.212132 1.850905 0.000000 0.000000 -1.000000 0.080295 0.419706 255 255 255 255
1.833329 0.249441 1.850905 0.000000 0.000000 -1.000000 0.116663 0.449553 255 255 255 255
1.885195 0.277164 1.850905 0.000000 0.000000 -1.000000 0.158156 0.471731 255 255 255 255
1.941473 0.294236 1.850905 -0.000000 0.000000 -1.000000 0.203179 0.485389 255 255 255 255
1.941473 0.294236 1.850905 -0.290283 0.956941 0.000000 0.031250 1.000000 255 255 255 255
2.000000 0.300000 1.850905 -0.098017 0.995185 0.000000 0.000000 1.000000 255 255 255 255
1.941473 0.294236 1.250905 -0.000000 0.000000 -1.000000 0.703179 0.485389 255 255 255 255
2.000000 0.300000 1.250905 -0.000000 0.000000 -1.000000 0.750000 0.490000 255 255 255 255
2.058527 0.294236 1.250905 -0.000000 0.000000 -1.000000 0.796822 0.485388 255 255 255 255
2.114805 0.277164 1.250905 0.000000 0.000000 -1.000000 0.841844 0.471731 255 255 255 255
2.166671 0.249441 1.250905 0.000000 0.000000 -1.000000 0.883337 0.449553 255 255 255 255
2.212132 0.212132 1.250905 0.000000 0.000000 -1.000000 0.919706 0.419706 255 255 255 255
2.249441 0.166671 1.250905 0.000000 0.000000 -1.000000 0.949553 0.383337 255 255 255 255
2.277164 0.114805 1.250905 0.000000 0.000000 -1.000000 0.971731 0.341844 255 255 255 255
2.300000 0.000000 1.250905 0.000000 0.000000 -1.000000 0.990000 0.250000 255 255 255 255
2.294236 -0.058527 1.250905 0.000000 0.000000 -1.000000 0.985388 0.203178 255 255 255 255
2.277164 -0.114805 1.250905 0.000000 -0.000000 -1.000000 0.971731 0.158156 255 255 255 255
2.249441 -0.166671 1.250905 0.000000 -0.000000 -1.000000 0.949553 0.116663 255 255 255 255
2.212132 -0.212132 1.250905 0.000000 0.000000 -1.000000 0.919706 0.080294 255 255 255 255
2.166671 -0.249441 1.250905 0.000000 0.000000 -1.000000 0.883337 0.050447 255 255 255 255
2.114805 -0.277164 1.250905 0.000000 0.000000 -1.000000 0.841844 0.028269 255 255 255 255
2.000000 -0.300000 1.250905 0.000000 0.000000 -1.000000 0.750000 0.010000 255 255 255 255
1.941473 -0.294236 1.250905 0.000000 0.000000 -1.000000 0.703178 0.014612 255 255 255 255
1.885195 -0.277164 1.250905 0.000000 0.000000 -1.000000 0.658156 0.028269 255 255 255 255
1.833329 -0.249441 1.250905 0.000000 0.000000 -1.000000 0.616663 0.050447 255 255 255 255
1.787868 -0.212132 1.250905 0.000000 0.000000 -1.000000 0.580294 0.080294 255 255 255 255
1.750559 -0.166671 1.250905 0.000000 0.000000 -1.000000 0.550447 0.116663 255 255 255 255
1.722836 -0.114805 1.250905 0.000000 0.000000 -1.000000 0.528269 0.158156 255 255 255 255
1.700000 0.000000 1.250905 0.000000 -0.000000 -1.000000 0.510000 0.250000 255 255 255 255
1.705765 0.058527 1.250905 0.000000 -0.000000 -1.000000 0.514612 0.296822 255 255 255 255
1.722836 0.114805 1.250905 0.000000 0.000000 -1.000000 0.528269 0.341844 255 255 255 255
1.750559 0.166671 1.250905 0.000000 0.000000 -1.000000 0.550447 0.383337 255 255 255 255
1.787868 0.212132 1.250905 0.000000 0.000000 -1.000000 0.580295 0.419706 255 255 255 255
1.833329 0.249441 1.250905 0.000000 0.000000 -1.000000 0.616663 0.449553 255 255 255 255
1.885195 0.277164 1.250905 0.000000 0.000000 -1.000000 0.658156 0.471731 255 255 255 255
2.000000 0.600000 1.849905 0.098017 0.995185 0.000000 1.000000 1.000000 153 150 151 255
2.117054 0.588471 0.849905 0.098017 0.995185 0.000000 0.968750 0.500000 153 150 151 255
2.000000 0.600000 0.849905 0.098017 0.995185 0.000000 1.000000 0.500000 153 150 151 255
2.117054 0.588471 1.849905 0.290285 0.956940 0.000000 0.968750 1.000000 153 150 151 255
2.229610 0.554328 0.849905 0.290285 0.956940 0.000000 0.937500 0.500000 153 150 151 255
2.117054 0.588471 0.849905 0.290285 0.956940 0.000000 0.968750 0.500000 153 150 151 255
2.229610 0.554328 1.849905 0.471397 0.881921 0.000000 0.937500 1.000000 153 150 151 255
2.333342 0.498882 0.849905 0.471397 0.881921 0.000000 0.906250 0.500000 153 150 151 255
2.229610 0.554328 0.849905 0.471397 0.881921 0.000000 0.937500 0.500000 153 150 151 255
2.333342 0.498882 1.849905 0.634394 0.773010 0.000000 0.906250 1.000000 153 150 151 255
2.424264 0.424264 0.849905 0.634394 0.773010 0.000000 0.875000 0.500000 153 150 151 255
2.333342 0.498882 0.849905 0.634394 0.773010 0.000000 0.906250 0.500000 153 150 151 255
2.424264 0.424264 1.849905 0.773010 0.634394 0.000000 0.875000 1.000000 153 150 151 255
2.498882 0.333342 0.849905 0.773010 0.634394 0.000000 0.843750 0.500000 153 150 151 255
2.424264 0.424264 0.849905 0.773010 0.634394 0.000000 0.875000 0.500000 153 150 151 255
2.498882 0.333342 1.849905 0.881921 0.471397 0.000000 0.843750 1.000000 153 150 151 255
2.554328 0.229610 0.849905 0.881921 0.471397 0.000000 0.812500 0.500000 153 150 151 255
2.498882 0.333342 0.849905 0.881921 0.471397 0.000000 0.843750 0.500000 153 150 151 255
2.554328 0.229610 1.849905 0.956940 0.290285 0.000000 0.812500 1.000000 153 150 151 255
2.588471 0.117054 0.849905 0.956940 0.290285 0.000000 0.781250 0.500000 153 150 151 255
2.554328 0.229610 0.849905 0.956940 0.290285 0.000000 0.812500 0.500000 153 150 151 255
2.588471 0.117054 1.849905 0.995185 0.098016 0.000000 0.781250 1.000000 153 150 151 255
2.600000 0.000000 0.849905 0.995185 0.098016 0.000000 0.750000 0.500000 153 150 151 255
2.588471 0.117054 0.849905 0.995185 0.098016 0.000000 0.781250 0.500000 153 150 151 255
2.600000 0.000000 1.849905 0.995185 -0.098016 0.000000 0.750000 1.000000 153 150 151 255
2.588471 -0.117054 0.849905 0.995185 -0.098016 0.000000 0.718750 0.500000 153 150 151 255
2.600000 0.000000 0.849905 0.995185 -0.098016 0.000000 0.750000 0.500000 153 150 151 255
2.588471 -0.117054 1.849905 0.956940 -0.290285 0.000000 0.718750 1.000000 153 150 151 255
2.554328 -0.229610 0.849905 0.956940 -0.290285 0.000000 0.687500 0.500000 153 150 151 255
2.588471 -0.117054 0.849905 0.956940 -0.290285 0.000000 0.718750 0.500000 153 150 151 255
2.554328 -0.229610 1.849905 0.881922 -0.471396 0.000000 0.687500 1.000000 153 150 151 255
2.498882 -0.333342 0.849905 0.881922 -0.471396 0.000000 0.656250 0.500000 153 150 151 255
2.554328 -0.229610 0.849905 0.881922 -0.471396 0.000000 0.687500 0.500000 153 150 151 255
2.498882 -0.333342 1.849905 0.773010 -0.634394 0.000000 0.656250 1.000000 153 150 151 255
2.424264 -0.424264 0.849905 0.773010 -0.634394 0.000000 0.625000 0.500000 153 150 151 255
2.498882 -0.333342 0.849905 0.773010 -0.634394 0.000000 0.656250 0.500000 153 150 151 255
2.424264 -0.424264 1.849905 0.634394 -0.773010 0.000000 0.625000 1.000000 153 150 151 255
2.333342 -0.498882 0.849905 0.634394 -0.773010 0.000000 0.593750 0.500000 153 150 151 255
2.424264 -0.424264 0.849905 0.634394 -0.773010 0.000000 0.625000 0.500000 153 150 151 255
2.333342 -0.498882 1.849905 0.471397 -0.881921 0.000000 0.593750 1.000000 153 150 151 255
2.229610 -0.554328 0.849905 0.471397 -0.881921 0.000000 0.562500 0.500000 153 150 151 255
2.333342 -0.498882 0.849905 0.471397 -0.881921 0.000000 0.593750 0.500000 153 150 151 255
2.229610 -0.554328 1.849905 0.290284 -0.956940 0.000000 0.562500 1.000000 153 150 151 255
2.117054 -0.588471 0.849905 0.290284 -0.956940 0.000000 0.531250 0.500000 153 150 151 255
2.229610 -0.554328 0.849905 0.290284 -0.956940 0.000000 0.562500 0.500000 153 150 151 255
2.117054 -0.588471 1.849905 0.098017 -0.995185 0.000000 0.531250 1.000000 153 150 151 255
2.000000 -0.600000 0.849905 0.098017 -0.995185 0.000000 0.500000 0.500000 153 150 151 255
2.117054 -0.588471 0.849905 0.098017 -0.995185 0.000000 0.531250 0.500000 153 150 151 255
2.000000 -0.600000 1.849905 -0.098018 -0.995185 0.000000 0.500000 1.000000 153 150 151 255
1.882946 -0.588471 0.849905 -0.098018 -0.995185 0.000000 0.468750 0.500000 153 150 151 255
2.000000 -0.600000 0.849905 -0.098018 -0.995185 0.000000 0.500000 0.500000 153 150 151 255
1.882946 -0.588471 1.849905 -0.290285 -0.956940 0.000000 0.468750 1.000000 153 150 151 255
1.770390 -0.554328 0.849905 -0.290285 -0.956940 0.000000 0.437500 0.500000 153 150 151 255
1.882946 -0.588471 0.849905 -0.290285 -0.956940 0.000000 0.468750 0.500000 153 150 151 255
1.770390 -0.554328 1.849905 -0.471397 -0.881921 0.000000 0.437500 1.000000 153 150 151 255
1.666658 -0.498882 0.849905 -0.471397 -0.881921 0.000000 0.406250 0.500000 153 150 151 255
1.770390 -0.554328 0.849905 -0.471397 -0.881921 0.000000 0.437500 0.500000 153 150 151 255
1.666658 -0.498882 1.849905 -0.634393 -0.773010 0.000000 0.406250 1.000000 153 150 151 255
1.575736 -0.424264 0.849905 -0.634393 -0.773010 0.000000 0.375000 0.500000 153 150 151 255
1.666658 -0.498882 0.849905 -0.634393 -0.773010 0.000000 0.406250 0.500000 153 150 151 255
1.575736 -0.424264 1.849905 -0.773011 -0.634392 0.000000 0.375000 1.000000 153 150 151 255
1.501118 -0.333342 0.849905 -0.773011 -0.634392 0.000000 0.343750 0.500000 153 150 151 255
1.575736 -0.424264 0.849905 -0.773011 -0.634392 0.000000 0.375000 0.500000 153 150 151 255
1.501118 -0.333342 1.849905 -0.881922 -0.471396 0.000000 0.343750 1.000000 153 150 151 255
1.445672 -0.229610 0.849905 -0.881922 -0.471396 0.000000 0.312500 0.500000 153 150 151 255
1.501118 -0.333342 0.849905 -0.881922 -0.471396 0.000000 0.343750 0.500000 153 150 151 255
1.445672 -0.229610 1.849905 -0.956941 -0.290284 0.000000 0.312500 1.000000 153 150 151 255
1.411529 -0.117054 0.849905 -0.956941 -0.290284 0.000000 0.281250 0.500000 153 150 151 255
1.445672 -0.229610 0.849905 -0.956941 -0.290284 0.000000 0.312500 0.500000 153 150 151 255
1.411529 -0.117054 1.849905 -0.995185 -0.098016 0.000000 0.281250 1.000000 153 150 151 255
1.400000 0.000001 0.849905 -0.995185 -0.098016 0.000000 0.250000 0.500000 153 150 151 255
1.411529 -0.117054 0.849905 -0.995185 -0.098016 0.000000 0.281250 0.500000 153 150 151 255
1.400000 0.000001 1.849905 -0.995185 0.098018 0.000000 0.250000 1.000000 153 150 151 255
1.411529 0.117055 0.849905 -0.995185 0.098018 0.000000 0.218750 0.500000 163 160 161 255
1.400000 0.000001 0.849905 -0.995185 0.098018 0.000000 0.250000 0.500000 153 150 151 255
1.411529 0.117055 1.849905 -0.956940 0.290286 0.000000 0.218750 1.000000 153 150 151 255
1.445673 0.229611 0.849905 -0.956940 0.290286 0.000000 0.187500 0.500000 190 188 189 255
1.411529 0.117055 0.849905 -0.956940 0.290286 0.000000 0.218750 0.500000 163 160 161 255
1.445673 0.229611 1.849905 -0.881921 0.471398 0.000000 0.187500 1.000000 153 150 151 255
1.501119 0.333343 0.849905 -0.881921 0.471398 0.000000 0.156250 0.500000 168 166 167 255
1.445673 0.229611 0.849905 -0.881921 0.471398 0.000000 0.187500 0.500000 190 188 189 255
1.501119 0.333343 1.849905 -0.773009 0.634394 0.000000 0.156250 1.000000 153 150 151 255
1.575737 0.424265 0.849905 -0.773009 0.634394 0.000000 0.125000 0.500000 154 151 152 255
1.501119 0.333343 0.849905 -0.773009 0.634394 0.000000 0.156250 0.500000 168 166 167 255
1.575737 0.424265 1.849905 -0.634393 0.773011 0.000000 0.125000 1.000000 153 150 151 255
1.666659 0.498882 0.849905 -0.634393 0.773011 0.000000 0.093750 0.500000 153 150 151 255
1.575737 0.424265 0.849905 -0.634393 0.773011 0.000000 0.125000 0.500000 154 151 152 255
1.666659 0.498882 1.849905 -0.471396 0.881922 0.000000 0.093750 1.000000 153 150 151 255
1.770391 0.554328 0.849905 -0.471396 0.881922 0.000000 0.062500 0.500000 153 150 151 255
1.666659 0.498882 0.849905 -0.471396 0.881922 0.000000 0.093750 0.500000 153 150 151 255
1.445673 0.229611 1.849905 0.000000 0.000000 1.000000 0.028269 0.341844 153 150 151 255
1.770390 -0.554328 1.849905 0.000000 0.000000 1.000000 0.158156 0.028269 153 150 151 255
2.554328 -0.229610 1.849905 0.000000 0.000000 1.000000 0.471731 0.158156 153 150 151 255
1.770391 0.554328 1.849905 -0.290283 0.956941 0.000000 0.062500 1.000000 153 150 151 255
1.882947 0.588471 0.849905 -0.290283 0.956941 0.000000 0.031250 0.500000 153 150 151 255
1.770391 0.554328 0.849905 -0.290283 0.956941 0.000000 0.062500 0.500000 153 150 151 255
1.882947 0.588471 1.849905 -0.098017 0.995185 0.000000 0.031250 1.000000 153 150 151 255
2.000000 0.600000 0.849905 -0.098017 0.995185 0.000000 0.000000 0.500000 153 150 151 255
1.882947 0.588471 0.849905 -0.098017 0.995185 0.000000 0.031250 0.500000 153 150 151 255
2.588471 0.117054 0.849905 0.000000 0.000000 -1.000000 0.985388 0.296822 153 150 151 255
2.117054 -0.588471 0.849905 0.000000 0.000000 -1.000000 0.796822 0.014612 153 150 151 255
1.411529 -0.117054 0.849905 0.000000 0.000000 -1.000000 0.514611 0.203179 153 150 151 255
2.117054 0.588471 1.849905 0.098017 0.995185 -0.000000 0.968750 1.000000 153 150 151 255
2.229610 0.554328 1.849905 0.290285 0.956940 -0.000000 0.937500 1.000000 153 150 151 255
2.333342 0.498882 1.849905 0.471397 0.881921 -0.000000 0.906250 1.000000 153 150 151 255
2.424264 0.424264 1.849905 0.634394 0.773010 -0.000000 0.875000 1.000000 153 150 151 255
2.498882 0.333342 1.849905 0.773010 0.634394 -0.000000 0.843750 1.000000 153 150 151 255
2.554328 0.229610 1.849905 0.881921 0.471397 -0.000000 0.812500 1.000000 153 150 151 255
2.588471 0.117054 1.849905 0.956940 0.290285 -0.000000 0.781250 1.000000 153 150 151 255
2.600000 0.000000 1.849905 0.995185 0.098016 -0.000000 0.750000 1.000000 153 150 151 255
2.588471 -0.117054 1.849905 0.995185 -0.098016 0.000000 0.718750 1.000000 153 150 151 255
2.554328 -0.229610 1.849905 0.956940 -0.290285 0.000000 0.687500 1.000000 153 150 151 255
2.498882 -0.333342 1.849905 0.881922 -0.471396 0.000000 0.656250 1.000000 153 150 151 255
2.424264 -0.424264 1.849905 0.773010 -0.634394 0.000000 0.625000 1.000000 153 150 151 255
2.333342 -0.498882 1.849905 0.634394 -0.773010 0.000000 0.593750 1.000000 153 150 151 255
2.229610 -0.554328 1.849905 0.471397 -0.881921 0.000000 0.562500 1.000000 153 150 151 255
2.117054 -0.588471 1.849905 0.290284 -0.956940 0.000000 0.531250 1.000000 153 150 151 255
2.000000 -0.600000 1.849905 0.098017 -0.995185 0.000000 0.500000 1.000000 153 150 151 255
1.882946 -0.588471 1.849905 -0.098018 -0.995185 0.000000 0.468750 1.000000 153 150 151 255
1.770390 -0.554328 1.849905 -0.290285 -0.956940 0.000000 0.437500 1.000000 153 150 151 255
1.666658 -0.498882 1.849905 -0.471397 -0.881921 0.000000 0.406250 1.000000 153 150 151 255
1.575736 -0.424264 1.849905 -0.634393 -0.773010 0.000000 0.375000 1.000000 153 150 151 255
1.501118 -0.333342 1.849905 -0.773011 -0.634392 0.000000 0.343750 1.000000 153 150 151 255
1.445672 -0.229610 1.849905 -0.881922 -0.471396 0.000000 0.312500 1.000000 153 150 151 255
1.411529 -0.117054 1.849905 -0.956941 -0.290284 0.000000 0.281250 1.000000 153 150 151 255
1.400000 0.000001 1.849905 -0.995185 -0.098016 0.000000 0.250000 1.000000 153 150 151 255
1.411529 0.117055 1.849905 -0.995185 0.098018 0.000000 0.218750 1.000000 153 150 151 255
1.445673 0.229611 1.849905 -0.956940 0.290286 0.000000 0.187500 1.000000 153 150 151 255
1.501119 0.333343 1.849905 -0.881921 0.471398 0.000000 0.156250 1.000000 153 150 151 255
1.575737 0.424265 1.849905 -0.773009 0.634394 0.000000 0.125000 1.000000 153 150 151 255
1.666659 0.498882 1.849905 -0.634393 0.773011 0.000000 0.093750 1.000000 153 150 151 255
1.770391 0.554328 1.849905 -0.471396 0.881922 0.000000 0.062500 1.000000 153 150 151 255
2.229610 0.554328 1.849905 0.000000 0.000000 1.000000 0.341844 0.471731 153 150 151 255
2.117054 0.588471 1.849905 0.000000 0.000000 1.000000 0.296822 0.485388 153 150 151 255
2.000000 0.600000 1.849905 0.000000 0.000000 1.000000 0.250000 0.490000 153 150 151 255
1.882947 0.588471 1.849905 0.000000 -0.000000 1.000000 0.203179 0.485389 153 150 151 255
1.770391 0.554328 1.849905 0.000000 -0.000000 1.000000 0.158156 0.471731 153 150 151 255
1.666659 0.498882 1.849905 0.000000 0.000000 1.000000 0.116663 0.449553 153 150 151 255
1.575737 0.424265 1.849905 0.000000 0.000000 1.000000 0.080295 0.419706 153 150 151 255
1.501119 0.333343 1.849905 0.000000 0.000000 1.000000 0.050447 0.383337 153 150 151 255
1.411529 0.117055 1.849905 0.000000 0.000000 1.000000 0.014612 0.296822 153 150 151 255
1.400000 0.000001 1.849905 0.000000 0.000000 1.000000 0.010000 0.250000 153 150 151 255
1.411529 -0.117054 1.849905 0.000000 0.000000 1.000000 0.014611 0.203179 153 150 151 255
1.445672 -0.229610 1.849905 0.000000 0.000000 1.000000 0.028269 0.158156 153 150 151 255
1.501118 -0.333342 1.849905 0.000000 0.000000 1.000000 0.050447 0.116663 153 150 151 255
1.575736 -0.424264 1.849905 0.000000 0.000000 1.000000 0.080294 0.080294 153 150 151 255
1.666658 -0.498882 1.849905 0.000000 0.000000 1.000000 0.116663 0.050447 153 150 151 255
1.882946 -0.588471 1.849905 0.000000 0.000000 1.000000 0.203178 0.014612 153 150 151 255
2.000000 -0.600000 1.849905 0.000000 0.000000 1.000000 0.250000 0.010000 153 150 151 255
2.117054 -0.588471 1.849905 0.000000 0.000000 1.000000 0.296822 0.014612 153 150 151 255
2.229610 -0.554328 1.849905 0.000000 0.000000 1.000000 0.341844 0.028269 153 150 151 255
2.333342 -0.498882 1.849905 0.000000 0.000000 1.000000 0.383337 0.050447 153 150 151 255
2.424264 -0.424264 1.849905 0.000000 0.000000 1.000000 0.419706 0.080294 153 150 151 255
2.498882 -0.333342 1.849905 0.000000 0.000000 1.000000 0.449553 0.116663 153 150 151 255
2.588471 -0.117054 1.849905 0.000000 0.000000 1.000000 0.485388 0.203178 153 150 151 255
2.600000 0.000000 1.849905 0.000000 0.000000 1.000000 0.490000 0.250000 153 150 151 255
2.588471 0.117054 1.849905 -0.000000 0.000000 1.000000 0.485388 0.296822 153 150 151 255
2.554328 0.229610 1.849905 -0.000000 0.000000 1.000000 0.471731 0.341844 153 150 151 255
2.498882 0.333342 1.849905 0.000000 0.000000 1.000000 0.449553 0.383337 153 150 151 255
2.424264 0.424264 1.849905 0.000000 0.000000 1.000000 0.419706 0.419706 153 150 151 255
2.333342 0.498882 1.849905 0.000000 0.000000 1.000000 0.383337 0.449553 153 150 151 255
1.882947 0.588471 1.849905 -0.290283 0.956941 0.000000 0.031250 1.000000 153 150 151 255
2.000000 0.600000 1.849905 -0.098017 0.995185 0.000000 0.000000 1.000000 153 150 151 255
1.882947 0.588471 0.849905 -0.000000 0.000000 -1.000000 0.703179 0.485389 153 150 151 255
2.000000 0.600000 0.849905 -0.000000 0.000000 -1.000000 0.750000 0.490000 153 150 151 255
2.117054 0.588471 0.849905 -0.000000 0.000000 -1.000000 0.796822 0.485388 153 150 151 255
2.229610 0.554328 0.849905 0.000000 0.000000 -1.000000 0.841844 0.471731 153 150 151 255
2.333342 0.498882 0.849905 0.000000 0.000000 -1.000000 0.883337 0.449553 153 150 151 255
2.424264 0.424264 0.849905 0.000000 0.000000 -1.000000 0.919706 0.419706 153 150 151 255
2.498882 0.333342 0.849905 0.000000 0.000000 -1.000000 0.949553 0.383337 153 150 151 255
2.554328 0.229610 0.849905 0.000000 0.000000 -1.000000 0.971731 0.341844 153 150 151 255
2.600000 0.000000 0.849905 0.000000 0.000000 -1.000000 0.990000 0.250000 153 150 151 255
2.588471 -0.117054 0.849905 0.000000 0.000000 -1.000000 0.985388 0.203178 153 150 151 255
2.554328 -0.229610 0.849905 0.000000 -0.000000 -1.000000 0.971731 0.158156 153 150 151 255
2.498882 -0.333342 0.849905 0.000000 -0.000000 -1.000000 0.949553 0.116663 153 150 151 255
2.424264 -0.424264 0.849905 0.000000 0.000000 -1.000000 0.919706 0.080294 153 150 151 255
2.333342 -0.498882 0.849905 0.000000 0.000000 -1.000000 0.883337 0.050447 153 150 151 255
2.229610 -0.554328 0.849905 0.000000 0.000000 -1.000000 0.841844 0.028269 153 150 151 255
2.000000 -0.600000 0.849905 0.000000 0.000000 -1.000000 0.750000 0.010000 153 150 151 255
1.882946 -0.588471 0.849905 0.000000 0.000000 -1.000000 0.703178 0.014612 153 150 151 255
1.770390 -0.554328 0.849905 0.000000 0.000000 -1.000000 0.658156 0.028269 153 150 151 255
1.666658 -0.498882 0.849905 0.000000 0.000000 -1.000000 0.616663 0.050447 153 150 151 255
1.575736 -0.424264 0.849905 0.000000 0.000000 -1.000000 0.580294 0.080294 153 150 151 255
1.501118 -0.333342 0.849905 0.000000 0.000000 -1.000000 0.550447 0.116663 153 150 151 255
1.445672 -0.229610 0.849905 0.000000 0.000000 -1.000000 0.528269 0.158156 153 150 151 255
1.400000 0.000001 0.849905 0.000000 -0.000000 -1.000000 0.510000 0.250000 153 150 151 255
1.411529 0.117055 0.849905 0.000000 -0.000000 -1.000000 0.514612 0.296822 163 160 161 255
1.445673 0.229611 0.849905 0.000000 0.000000 -1.000000 0.528269 0.341844 190 188 189 255
1.501119 0.333343 0.849905 0.000000 0.000000 -1.000000 0.550447 0.383337 168 166 167 255
1.575737 0.424265 0.849905 0.000000 0.000000 -1.000000 0.580295 0.419706 154 151 152 255
1.666659 0.498882 0.849905 0.000000 0.000000 -1.000000 0.616663 0.449553 153 150 151 255
1.770391 0.554328 0.849905 0.000000 0.000000 -1.000000 0.658156 0.471731 153 150 151 255
2.600957 -1.007984 0.635965 0.003491 0.999994 -0.000000 1.000000 0.000000 228 170 44 255
1.396783 -1.003781 -0.559839 0.003491 0.999994 -0.000000 0.000000 1.000000 228 170 44 255
1.400972 -1.003795 0.640154 0.003491 0.999994 -0.000000 0.000000 0.000000 228 170 43 255
2.596768 -1.007970 -0.564028 0.003491 0.999994 -0.000000 1.000000 1.000000 228 170 44 255